static/leaflet-velocity/leaflet-velocity/wind-velocity.json
{"header": { "parameterUnit": "m.s", "parameterNumber": 3, "dx": 8.7738037109375e-05, "dy": -0.0004119873046875, "parameterNumberName": "northward_wind", "la1": 62.765647888183594, "la2": 62.885101318359375, "parameterCategory": 2, "lo2": 7.076683044433594, "nx": 294, "ny": 291, "refTime": "2017-02-01 23:00:00", "lo1": 7.105113983154297 }, "data":
[rows 243 to 269 of 291, columns 180 to 239 of 294]
0.026551103219389915,0.024353770539164543,0.023438215255737305,0.025635547935962677,0.02691732533276081,0.0276497695595026,0.0276497695595026,0.02691732533276081,0.024170659482479095,0.027466658502817154,0.029114658012986183,0.02526932582259178,0.016296884045004845,0.003479110077023506,-0.007324442267417908,-0.01739555038511753,-0.03405865654349327,-0.05420087277889252,-0.06848353147506714,-0.07580797374248505,-0.08331552892923355,-0.09009063988924026,-0.09833063930273056,-0.10803551971912384,-0.11389507353305817,-0.1105990782380104,-0.08935819566249847,-0.05420087277889252,-0.05383465066552162,-0.05804620683193207,-0.06427197903394699,-0.07031464576721191,-0.07361064851284027,-0.07727286219596863,-0.08111819624900818,-0.08624530583620071,-0.09173864126205444,-0.09814752638339996,-0.10602129995822906,-0.11462752521038055,-0.12158574163913727,-0.12543107569217682,-0.125980406999588,-0.12469863146543503,-0.12286751717329025,-0.12158574163913727,-0.12030396610498428,-0.11774040758609772,-0.11334574222564697,-0.10840174555778503,-0.1032746359705925,-0.09851375222206116,-0.09411908686161041,-0.09063997119665146,-0.08807642012834549,-0.08624530583620071,-0.08478041738271713,-0.08313241600990295,-0.08075197786092758,-0.07818841934204102
0.04138309881091118,0.04156620800495148,0.04229865223169327,0.042481765151023865,0.04266487807035446,0.04303109645843506,0.04596087336540222,0.047059543430805206,0.04412976652383804,0.03552354499697685,0.022705771028995514,0.00878933072090149,-0.008056886494159698,-0.0316782146692276,-0.055116429924964905,-0.06958220154047012,-0.07727286219596863,-0.08441419899463654,-0.09265419840812683,-0.10254219174385071,-0.10858485847711563,-0.110965296626091,-0.10089419037103653,-0.08221686631441116,-0.06207464635372162,-0.06189153715968132,-0.0633564293384552,-0.06958220154047012,-0.07324442267417908,-0.07599108666181564,-0.0794702023267746,-0.08313241600990295,-0.0875270813703537,-0.09265419840812683,-0.10016174614429474,-0.10895107686519623,-0.11737418919801712,-0.12323374301195145,-0.1265297383069992,-0.126163512468338,-0.12323374301195145,-0.12048707902431488,-0.11828973889350891,-0.11590930074453354,-0.11206396669149399,-0.10730308294296265,-0.10254219174385071,-0.09778130054473877,-0.09411908686161041,-0.09118930995464325,-0.08899196982383728,-0.0869777500629425,-0.08532975614070892,-0.08441419899463654,-0.08294931054115295,-0.08111819624900818,-0.07855464518070221,-0.07617419958114624,-0.07342753559350967,-0.07086397707462311
0.049623094499111176,0.04943998530507088,0.05053865164518356,0.05328531563282013,0.055848874151706696,0.05639820545911789,0.05328531563282013,0.045594654977321625,0.03241065889596939,0.010071108117699623,-0.021973326802253723,-0.05255287140607834,-0.06939908862113953,-0.07654042541980743,-0.08423108607530594,-0.08972442150115967,-0.0952177494764328,-0.09942930191755295,-0.10052797198295593,-0.09283730387687683,-0.08056886494159698,-0.06830042600631714,-0.06793420016765594,-0.06811731308698654,-0.07342753559350967,-0.07544175535440445,-0.0791039764881134,-0.08166752755641937,-0.08532975614070892,-0.08917508274316788,-0.09393597394227982,-0.10144352912902832,-0.11041596531867981,-0.11792352050542831,-0.12268440425395966,-0.12488174438476562,-0.12323374301195145,-0.1190221905708313,-0.11462752521038055,-0.1111484095454216,-0.10766930133104324,-0.1029084175825119,-0.09796441346406937,-0.09356974810361862,-0.09009063988924026,-0.08807642012834549,-0.0869777500629425,-0.08624530583620071,-0.08459730446338654,-0.08331552892923355,-0.08203375339508057,-0.08075197786092758,-0.0791039764881134,-0.07727286219596863,-0.07525864243507385,-0.07269509136676788,-0.07049775868654251,-0.06866664439439774,-0.06683553755283356,-0.06482131779193878
0.06006042659282684,0.061525315046310425,0.06262397766113281,0.062257759273052216,0.06006042659282684,0.052735984325408936,0.03241065889596939,-0.004211554303765297,-0.04284798726439476,-0.06573686748743057,-0.07306130975484848,-0.07855464518070221,-0.0867946445941925,-0.09356974810361862,-0.0946684181690216,-0.09356974810361862,-0.08569597452878952,-0.07782220095396042,-0.0710470899939537,-0.07031464576721191,-0.0714133083820343,-0.07525864243507385,-0.07745597511529922,-0.08221686631441116,-0.08404797315597534,-0.0873439759016037,-0.09027375280857086,-0.0952177494764328,-0.10199286043643951,-0.110782191157341,-0.11700796335935593,-0.12048707902431488,-0.12121951580047607,-0.11847285181283951,-0.11297952383756638,-0.10675374418497086,-0.10217596590518951,-0.09796441346406937,-0.09265419840812683,-0.08807642012834549,-0.08423108607530594,-0.08148442208766937,-0.08075197786092758,-0.08111819624900818,-0.08148442208766937,-0.08111819624900818,-0.08020263910293579,-0.07837153226137161,-0.07654042541980743,-0.07544175535440445,-0.07397686690092087,-0.07251197844743729,-0.07049775868654251,-0.06958220154047012,-0.06884975731372833,-0.06775109469890594,-0.06610309332609177,-0.0640888661146164,-0.06244087219238281,-0.060792870819568634
0.06994841992855072,0.06848353147506714,0.06518753618001938,0.05108798295259476,0.016113772988319397,-0.026551103219389915,-0.05694753676652908,-0.06665242463350296,-0.07068087160587311,-0.07727286219596863,-0.08276619762182236,-0.08789330720901489,-0.08862575143575668,-0.08349864184856415,-0.0791039764881134,-0.07599108666181564,-0.07397686690092087,-0.07324442267417908,-0.07654042541980743,-0.0794702023267746,-0.08368175476789474,-0.08624530583620071,-0.08954130858182907,-0.09137241542339325,-0.09631641209125519,-0.10235907882452011,-0.10986663401126862,-0.11481063067913055,-0.11700796335935593,-0.11664174497127533,-0.11261329799890518,-0.10583819448947906,-0.09833063930273056,-0.09283730387687683,-0.08789330720901489,-0.08239997923374176,-0.07763908803462982,-0.07415997982025146,-0.07251197844743729,-0.07306130975484848,-0.07470931112766266,-0.07599108666181564,-0.07635731250047684,-0.07580797374248505,-0.07379375398159027,-0.0717795342206955,-0.07086397707462311,-0.06958220154047012,-0.06830042600631714,-0.06738486886024475,-0.06720175594091415,-0.06756798177957535,-0.06720175594091415,-0.06610309332609177,-0.06427197903394699,-0.062257759273052216,-0.06042664870619774,-0.059144869446754456,-0.05786309391260147,-0.056764427572488785
0.06427197903394699,0.03552354499697685,-0.007324442267417908,-0.04266487807035446,-0.05694753676652908,-0.059144869446754456,-0.0639057606458664,-0.06976531445980072,-0.06976531445980072,-0.06665242463350296,-0.06921598315238953,-0.0715964213013649,-0.06939908862113953,-0.07086397707462311,-0.07324442267417908,-0.07672353088855743,-0.08111819624900818,-0.08532975614070892,-0.0877101942896843,-0.09137241542339325,-0.09302041679620743,-0.09704886376857758,-0.10235907882452011,-0.10840174555778503,-0.11206396669149399,-0.11352885514497757,-0.11206396669149399,-0.10693685710430145,-0.09887997061014175,-0.09027375280857086,-0.08368175476789474,-0.07837153226137161,-0.07287819683551788,-0.06811731308698654,-0.06482131779193878,-0.0640888661146164,-0.06628620624542236,-0.06958220154047012,-0.0714133083820343,-0.0712302029132843,-0.07049775868654251,-0.06866664439439774,-0.06683553755283356,-0.06591998040676117,-0.06463820487260818,-0.0639057606458664,-0.0635395348072052,-0.06427197903394699,-0.06518753618001938,-0.06555375456809998,-0.06482131779193878,-0.0633564293384552,-0.06134220212697983,-0.05951109528541565,-0.05804620683193207,-0.05731376260519028,-0.056581318378448486,-0.055848874151706696,-0.054383985698223114,-0.052735984325408936
-0.02471999265253544,-0.04339732229709625,-0.047242652624845505,-0.05053865164518356,-0.057496871799230576,-0.062257759273052216,-0.0637226477265358,-0.06628620624542236,-0.0712302029132843,-0.07361064851284027,-0.07544175535440445,-0.07635731250047684,-0.07855464518070221,-0.08276619762182236,-0.0877101942896843,-0.08990752696990967,-0.09265419840812683,-0.0948515236377716,-0.09796441346406937,-0.10199286043643951,-0.10693685710430145,-0.10986663401126862,-0.110782191157341,-0.10840174555778503,-0.10254219174385071,-0.09338663518428802,-0.08349864184856415,-0.07544175535440445,-0.06958220154047012,-0.06518753618001938,-0.06134220212697983,-0.05896176025271416,-0.05951109528541565,-0.06244087219238281,-0.06591998040676117,-0.06720175594091415,-0.06683553755283356,-0.06518753618001938,-0.0633564293384552,-0.06207464635372162,-0.06134220212697983,-0.06024353951215744,-0.06024353951215744,-0.06097598373889923,-0.06244087219238281,-0.0635395348072052,-0.06427197903394699,-0.0637226477265358,-0.06244087219238281,-0.06042664870619774,-0.05859553813934326,-0.05731376260519028,-0.05639820545911789,-0.0552995391190052,-0.05383465066552162,-0.05182042717933655,-0.049623094499111176,-0.047791987657547,-0.046510208398103714,-0.04504531994462013
-0.04101687669754028,-0.048158206045627594,-0.053468428552150726,-0.05713064968585968,-0.06189153715968132,-0.0631733164191246,-0.06793420016765594,-0.07068087160587311,-0.07397686690092087,-0.07782220095396042,-0.08349864184856415,-0.08825953304767609,-0.09118930995464325,-0.09356974810361862,-0.095767080783844,-0.09833063930273056,-0.10144352912902832,-0.10583819448947906,-0.10840174555778503,-0.10913418978452682,-0.10638752579689026,-0.10016174614429474,-0.09063997119665146,-0.08001953363418579,-0.07068087160587311,-0.06445509195327759,-0.06097598373889923,-0.05932798236608505,-0.05896176025271416,-0.06006042659282684,-0.06189153715968132,-0.0637226477265358,-0.0637226477265358,-0.06170842796564102,-0.06006042659282684,-0.059144869446754456,-0.05786309391260147,-0.057496871799230576,-0.056764427572488785,-0.057679980993270874,-0.05969420447945595,-0.06170842796564102,-0.06262397766113281,-0.0633564293384552,-0.062990203499794,-0.061525315046310425,-0.05969420447945595,-0.05804620683193207,-0.056764427572488785,-0.055116429924964905,-0.05310220643877983,-0.05090487375855446,-0.04834131896495819,-0.04596087336540222,-0.04376354068517685,-0.04193243384361267,-0.04028443247079849,-0.038636431097984314,-0.036805324256420135,-0.03405865654349327
-0.05383465066552162,-0.059877313673496246,-0.060792870819568634,-0.06500442326068878,-0.06646931171417236,-0.0717795342206955,-0.07708975672721863,-0.08349864184856415,-0.08862575143575668,-0.09155552834272385,-0.09448530524969101,-0.09595019370317459,-0.09833063930273056,-0.10126041620969772,-0.10473952442407608,-0.10748618841171265,-0.10895107686519623,-0.10657063126564026,-0.10071107745170593,-0.09155552834272385,-0.08130130916833878,-0.0717795342206955,-0.06518753618001938,-0.062257759273052216,-0.06189153715968132,-0.062257759273052216,-0.06244087219238281,-0.06244087219238281,-0.06134220212697983,-0.05932798236608505,-0.05694753676652908,-0.056031983345746994,-0.0556657612323761,-0.05456709489226341,-0.05456709489226341,-0.0552995391190052,-0.057679980993270874,-0.06024353951215744,-0.062257759273052216,-0.062990203499794,-0.062990203499794,-0.06189153715968132,-0.06024353951215744,-0.058412425220012665,-0.056581318378448486,-0.05456709489226341,-0.05236976221203804,-0.04980620741844177,-0.047059543430805206,-0.04431287571787834,-0.041749320924282074,-0.039185766130685806,-0.036805324256420135,-0.034424878656864166,-0.0318613238632679,-0.028931546956300735,-0.02545243687927723,-0.02215643785893917,-0.017212439328432083,-0.006775109097361565
-0.05621509253978729,-0.059877313673496246,-0.06628620624542236,-0.07708975672721863,-0.08587908744812012,-0.08917508274316788,-0.09210485965013504,-0.0946684181690216,-0.09613330662250519,-0.09778130054473877,-0.10089419037103653,-0.10382396727800369,-0.10711997002363205,-0.10913418978452682,-0.10766930133104324,-0.10254219174385071,-0.0946684181690216,-0.08587908744812012,-0.07708975672721863,-0.07031464576721191,-0.06665242463350296,-0.06518753618001938,-0.06445509195327759,-0.062990203499794,-0.060792870819568634,-0.058412425220012665,-0.05621509253978729,-0.05420087277889252,-0.05383465066552162,-0.05383465066552162,-0.05365154147148132,-0.0552995391190052,-0.057679980993270874,-0.06024353951215744,-0.062257759273052216,-0.0635395348072052,-0.0633564293384552,-0.06170842796564102,-0.059877313673496246,-0.05786309391260147,-0.055848874151706696,-0.053468428552150726,-0.05090487375855446,-0.04834131896495819,-0.045594654977321625,-0.04266487807035446,-0.040101319551467896,-0.037720877677202225,-0.03497420996427536,-0.03259376809000969,-0.029847102239727974,-0.02710043638944626,-0.023438215255737305,-0.018677327781915665,-0.007324442267417908,0.0,0.0,0.0,0.0,0.0
-0.07544175535440445,-0.08349864184856415,-0.08807642012834549,-0.09137241542339325,-0.09338663518428802,-0.0952177494764328,-0.09686575084924698,-0.09961241483688354,-0.1029084175825119,-0.10638752579689026,-0.10858485847711563,-0.10785241425037384,-0.1034577488899231,-0.09741508215665817,-0.08990752696990967,-0.08203375339508057,-0.07489242404699326,-0.06976531445980072,-0.06646931171417236,-0.0640888661146164,-0.061525315046310425,-0.05896176025271416,-0.056764427572488785,-0.05475020408630371,-0.05401775985956192,-0.05420087277889252,-0.0552995391190052,-0.05713064968585968,-0.059877313673496246,-0.06244087219238281,-0.0640888661146164,-0.06500442326068878,-0.06445509195327759,-0.06207464635372162,-0.05932798236608505,-0.05694753676652908,-0.05456709489226341,-0.05218665301799774,-0.04925687611103058,-0.046327099204063416,-0.04358043149113655,-0.040833763778209686,-0.03900265693664551,-0.03662221133708954,-0.034424878656864166,-0.0318613238632679,-0.02948088012635708,-0.02710043638944626,-0.02471999265253544,-0.02233954891562462,-0.019226660951972008,-0.006958220154047012,0.0,0.0,0.0,0.0,0.0,0.0,0.0,0.0
-0.08990752696990967,-0.09173864126205444,-0.09302041679620743,-0.0948515236377716,-0.09759819507598877,-0.10144352912902832,-0.10510574281215668,-0.10711997002363205,-0.10620441287755966,-0.10254219174385071,-0.09741508215665817,-0.09100619703531265,-0.08368175476789474,-0.07635731250047684,-0.07031464576721191,-0.06610309332609177,-0.06280709058046341,-0.06024353951215744,-0.05804620683193207,-0.056764427572488785,-0.056031983345746994,-0.05639820545911789,-0.05786309391260147,-0.06042664870619774,-0.0631733164191246,-0.06537064909934998,-0.06701864302158356,-0.06683553755283356,-0.06555375456809998,-0.062990203499794,-0.05951109528541565,-0.05639820545911789,-0.053468428552150726,-0.05072176456451416,-0.047791987657547,-0.044862210750579834,-0.04193243384361267,-0.0395519882440567,-0.037537768483161926,-0.03570665419101715,-0.03405865654349327,-0.0318613238632679,-0.02948088012635708,-0.02691732533276081,-0.024170659482479095,-0.021240882575511932,-0.017944883555173874,-0.010803552344441414,0.0,0.0,0.0,0.0,0.0,0.0,0.0,0.0,0.0,0.0,0.0,0.0
-0.09283730387687683,-0.09613330662250519,-0.10016174614429474,-0.1036408543586731,-0.10473952442407608,-0.1034577488899231,-0.09997864067554474,-0.0950346365571022,-0.08935819566249847,-0.08276619762182236,-0.07599108666181564,-0.06994841992855072,-0.06537064909934998,-0.06207464635372162,-0.06006042659282684,-0.05896176025271416,-0.05877865105867386,-0.05932798236608505,-0.060792870819568634,-0.06280709058046341,-0.06500442326068878,-0.06701864302158356,-0.06793420016765594,-0.06775109469890594,-0.06628620624542236,-0.0635395348072052,-0.06024353951215744,-0.056764427572488785,-0.05328531563282013,-0.04998932033777237,-0.04687643051147461,-0.043946653604507446,-0.04119998961687088,-0.038636431097984314,-0.036805324256420135,-0.035340435802936554,-0.033692434430122375,-0.03259376809000969,-0.030396435409784317,-0.028382213786244392,-0.025818658992648125,-0.02288888208568096,-0.021607104688882828,-0.018677327781915665,-0.00787377543747425,0.0,0.0,0.0,0.0,0.0,0.0,0.0,0.0,0.0,0.0,0.0,0.0,0.0,0.0,0.0
-0.10144352912902832,-0.10199286043643951,-0.09997864067554474,-0.09649952501058578,-0.09192174673080444,-0.0867946445941925,-0.08093509078025818,-0.07489242404699326,-0.06958220154047012,-0.06555375456809998,-0.0631733164191246,-0.06189153715968132,-0.06170842796564102,-0.062257759273052216,-0.0635395348072052,-0.06500442326068878,-0.06628620624542236,-0.06738486886024475,-0.06775109469890594,-0.06720175594091415,-0.06573686748743057,-0.0637226477265358,-0.060792870819568634,-0.057496871799230576,-0.05401775985956192,-0.05053865164518356,-0.047059543430805206,-0.04376354068517685,-0.040833763778209686,-0.038453321903944016,-0.03643909841775894,-0.03479110077023506,-0.03350932151079178,-0.03241065889596939,-0.031128879636526108,-0.02929776906967163,-0.026734214276075363,-0.023438215255737305,-0.018677327781915665,-0.01812799461185932,-0.008239997550845146,0.0,0.0,0.0,0.0,0.0,0.0,0.0,0.0,0.0,0.0,0.0,0.0,0.0,0.0,0.0,0.0,0.0,0.0,0.0
-0.09302041679620743,-0.08862575143575668,-0.08404797315597534,-0.0794702023267746,-0.07470931112766266,-0.07049775868654251,-0.06738486886024475,-0.06573686748743057,-0.06518753618001938,-0.06537064909934998,-0.06610309332609177,-0.06683553755283356,-0.06720175594091415,-0.06738486886024475,-0.06720175594091415,-0.06628620624542236,-0.06500442326068878,-0.0631733164191246,-0.06097598373889923,-0.05804620683193207,-0.05493331700563431,-0.05163731798529625,-0.048158206045627594,-0.044862210750579834,-0.041749320924282074,-0.039185766130685806,-0.03662221133708954,-0.03460799157619476,-0.03314310312271118,-0.0318613238632679,-0.03094576857984066,-0.02929776906967163,-0.026734214276075363,-0.02545243687927723,-0.02288888208568096,-0.013183996081352234,-0.008606219664216042,0.0,0.0,0.0,0.0,0.0,0.0,0.0,0.0,0.0,0.0,0.0,0.0,0.0,0.0,0.0,0.0,0.0,0.0,0.0,0.0,0.0,0.0,0.0
-0.07873775064945221,-0.07544175535440445,-0.07251197844743729,-0.07049775868654251,-0.06939908862113953,-0.06921598315238953,-0.06939908862113953,-0.06921598315238953,-0.06848353147506714,-0.06793420016765594,-0.06701864302158356,-0.06591998040676117,-0.06463820487260818,-0.062990203499794,-0.06115909293293953,-0.05877865105867386,-0.05621509253978729,-0.05328531563282013,-0.05017242953181267,-0.047059543430805206,-0.043946653604507446,-0.040833763778209686,-0.03808709979057312,-0.03552354499697685,-0.032959990203380585,-0.031311988830566406,-0.030762657523155212,-0.029114658012986183,-0.026734214276075363,-0.023255104199051857,-0.02233954891562462,-0.014831995591521263,0.0,0.0,0.0,0.0,0.0,0.0,0.0,0.0,0.0,0.0,0.0,0.0,0.0,0.0,0.0,0.0,0.0,0.0,0.0,0.0,0.0,0.0,0.0,0.0,0.0,0.0,0.0,0.0
-0.07434308528900146,-0.07361064851284027,-0.07306130975484848,-0.07214576005935669,-0.07068087160587311,-0.06921598315238953,-0.06775109469890594,-0.06628620624542236,-0.06482131779193878,-0.0633564293384552,-0.061525315046310425,-0.05951109528541565,-0.057496871799230576,-0.0552995391190052,-0.05255287140607834,-0.049623094499111176,-0.04669331759214401,-0.04339732229709625,-0.04028443247079849,-0.03735465556383133,-0.03387554734945297,-0.031128879636526108,-0.029114658012986183,-0.02856532484292984,-0.027283547446131706,-0.026734214276075363,-0.020874660462141037,-0.02069154940545559,-0.009155552834272385,0.0,0.0,0.0,0.0,0.0,0.0,0.0,0.0,0.0,0.0,0.0,0.0,0.0,0.0,0.0,0.0,0.0,0.0,0.0,0.0,0.0,0.0,0.0,0.0,0.0,0.0,0.0,0.0,0.0,0.0,0.0
-0.07324442267417908,-0.07086397707462311,-0.06884975731372833,-0.06683553755283356,-0.06518753618001938,-0.0635395348072052,-0.06207464635372162,-0.06060975790023804,-0.05877865105867386,-0.056764427572488785,-0.054383985698223114,-0.05163731798529625,-0.048890650272369385,-0.04577776417136192,-0.042481765151023865,-0.039185766130685806,-0.035340435802936554,-0.030762657523155212,-0.026001770049333572,-0.021057771518826485,-0.021973326802253723,-0.022522659972310066,-0.027283547446131706,-0.013367107138037682,-0.009155552834272385,0.0,0.0,0.0,0.0,0.0,0.0,0.0,0.0,0.0,0.0,0.0,0.0,0.0,0.0,0.0,0.0,0.0,0.0,0.0,0.0,0.0,0.0,0.0,0.0,0.0,0.0,0.0,0.0,0.0,0.0,0.0,0.0,0.0,0.0,0.0
-0.06573686748743057,-0.06427197903394699,-0.062990203499794,-0.06170842796564102,-0.06024353951215744,-0.058412425220012665,-0.05621509253978729,-0.05401775985956192,-0.051271095871925354,-0.048158206045627594,-0.044862210750579834,-0.04101687669754028,-0.036805324256420135,-0.031495101749897,-0.02526932582259178,-0.017212439328432083,-0.005127109587192535,-0.0025635547935962677,0.0,-0.006775109097361565,0.0,0.0,0.0,0.0,0.0,0.0,0.0,0.0,0.0,0.0,0.0,0.0,0.0,0.0,0.0,0.0,0.0,0.0,0.0,0.0,0.0,0.0,0.0,0.0,0.0,0.0,0.0,0.0,0.0,0.0,0.0,0.0,0.0,0.0,0.0,0.0,0.0,0.0,0.0,0.0
-0.061525315046310425,-0.059877313673496246,-0.05786309391260147,-0.055116429924964905,-0.05236976221203804,-0.04925687611103058,-0.04596087336540222,-0.04229865223169327,-0.03808709979057312,-0.032959990203380585,-0.02710043638944626,-0.020874660462141037,-0.008972441777586937,0.0,0.0,0.0,0.0,0.0,0.0,0.0,0.0,0.0,0.0,0.0,0.0,0.0,0.0,0.0,0.0,0.0,0.0,0.0,0.0,0.0,0.0,0.0,0.0,0.0,0.0,0.0,0.0,0.0,0.0,0.0,0.0,0.0,0.0,0.0,0.0,0.0,0.0,0.0,0.0,0.0,0.0,0.0,0.0,0.0,0.0,0.0
-0.05291909724473953,-0.04980620741844177,-0.046327099204063416,-0.04266487807035446,-0.03827021270990372,-0.033692434430122375,-0.028199102729558945,-0.02215643785893917,-0.00952177494764328,0.0,0.0,0.0,0.0,0.0,0.0,0.0,0.0,0.0,0.0,0.0,0.0,0.0,0.0,0.0,0.0,0.0,0.0,0.0,0.0,0.0,0.0,0.0,0.0,0.0,0.0,0.0,0.0,0.0,0.0,0.0,0.0,0.0,0.0,0.0,0.0,0.0,0.0,0.0,0.0,0.0,0.0,0.0,0.0,0.0,0.0,0.0,0.0,0.0,0.0,0.0
-0.03790398687124252,-0.03277687728404999,-0.02783288061618805,-0.021973326802253723,-0.01025421917438507,0.0,0.0,0.0,0.0,0.0,0.0,0.0,0.0,0.0,0.0,0.0,0.0,0.0,0.0,0.0,0.0,0.0,0.0,0.0,0.0,0.0,0.0,0.0,0.0,0.0,0.0,0.0,0.0,0.0,0.0,0.0,0.0,0.0,0.0,0.0,0.0,0.0,0.0,0.0,0.0,0.0,0.0,0.0,0.0,0.0,0.0,0.0,0.0,0.0,0.0,0.0,0.0,0.0,0.0,0.0
-0.009155552834272385,0.0,0.0,0.0,0.0,0.0,0.0,0.0,0.0,0.0,0.0,0.0,0.0,0.0,0.0,0.0,0.0,0.0,0.0,0.0,0.0,0.0,0.0,0.0,0.0,0.0,0.0,0.0,0.0,0.0,0.0,0.0,0.0,0.0,0.0,0.0,0.0,0.0,0.0,0.0,0.0,0.0,0.0,0.0,0.0,0.0,0.0,0.0,0.0,0.0,0.0,0.0,0.0,0.0,0.0,0.0,0.0,0.0,0.0,0.0
0.0,0.0,0.0,0.0,0.0,0.0,0.0,0.0,0.0,0.0,0.0,0.0,0.0,0.0,0.0,0.0,0.0,0.0,0.0,0.0,0.0,0.0,0.0,0.0,0.0,0.0,0.0,0.0,0.0,0.0,0.0,0.0,0.0,0.0,0.0,0.0,0.0,0.0,0.0,0.0,0.0,0.0,0.0,0.0,0.0,0.0,0.0,0.0,0.0,0.0,0.0,0.0,0.0,0.0,0.0,0.0,0.0,0.0,0.0,0.0
0.0,0.0,0.0,0.0,0.0,0.0,0.0,0.0,0.0,0.0,0.0,0.0,0.0,0.0,0.0,0.0,0.0,0.0,0.0,0.0,0.0,0.0,0.0,0.0,0.0,0.0,0.0,0.0,0.0,0.0,0.0,0.0,0.0,0.0,0.0,0.0,0.0,0.0,0.0,0.0,0.0,0.0,0.0,0.0,0.0,0.0,0.0,0.0,0.0,0.0,0.0,0.0,0.0,0.0,0.0,0.0,0.0,0.0,0.0,0.0
0.0,0.0,0.0,0.0,0.0,0.0,0.0,0.0,0.0,0.0,0.0,0.0,0.0,0.0,0.0,0.0,0.0,0.0,0.0,0.0,0.0,0.0,0.0,0.0,0.0,0.0,0.0,0.0,0.0,0.0,0.0,0.0,0.0,0.0,0.0,0.0,0.0,0.0,0.0,0.0,0.0,0.0,0.0,0.0,0.0,0.0,0.0,0.0,0.0,0.0,0.0,0.0,0.0,0.0,0.0,0.0,0.0,0.0,0.0,0.0
0.0,0.0,0.0,0.0,0.0,0.0,0.0,0.0,0.0,0.0,0.0,0.0,0.0,0.0,0.0,0.0,0.0,0.0,0.0,0.0,0.0,0.0,0.0,0.0,0.0,0.0,0.0,0.0,0.0,0.0,0.0,0.0,0.0,0.0,0.0,0.0,0.0,0.0,0.0,0.0,0.0,0.0,0.0,0.0,0.0,0.0,0.0,0.0,0.0,0.0,0.0,0.0,0.0,0.0,0.0,0.0,0.0,0.0,0.0,0.0
