static/leaflet-velocity/leaflet-velocity/wind-velocity.json
{"header": { "parameterUnit": "m.s", "parameterNumber": 2, "dx": 8.7738037109375e-05, "dy": -0.0004119873046875, "parameterNumberName": "eastward_wind", "la1": 62.765647888183594, "la2": 62.885101318359375, "parameterCategory": 2, "lo2": 7.076683044433594, "nx": 294, "ny": 291, "refTime": "2017-02-01 23:00:00", "lo1": 7.105113983154297 }, "data":
[rows 243 to 269 of 291, columns 180 to 239 of 294]
0.029847102239727974,0.031128879636526108,0.02948088012635708,0.02691732533276081,0.02691732533276081,0.025635547935962677,0.021240882575511932,0.011352885514497757,-0.005493331700563431,-0.026367992162704468,-0.03277687728404999,-0.0316782146692276,-0.03094576857984066,-0.033692434430122375,-0.042481765151023865,-0.05475020408630371,-0.06738486886024475,-0.07306130975484848,-0.06958220154047012,-0.06775109469890594,-0.07287819683551788,-0.08203375339508057,-0.09155552834272385,-0.10547196865081787,-0.12250129878520966,-0.14044618606567383,-0.1583910584449768,-0.16974395513534546,-0.14685507118701935,-0.14136174321174622,-0.1358684003353119,-0.1279946267604828,-0.12305063009262085,-0.11609241366386414,-0.110965296626091,-0.10840174555778503,-0.10821863263845444,-0.10968352109193802,-0.1113315224647522,-0.11206396669149399,-0.11297952383756638,-0.11188085377216339,-0.10931730270385742,-0.10950040817260742,-0.11334574222564697,-0.12030396610498428,-0.12854395806789398,-0.1351359635591507,-0.13898129761219025,-0.13843196630477905,-0.1349528431892395,-0.13000884652137756,-0.12451551854610443,-0.11847285181283951,-0.11206396669149399,-0.10657063126564026,-0.10199286043643951,-0.09851375222206116,-0.0954008623957634,-0.09247108548879623
0.03827021270990372,0.03900265693664551,0.0399182103574276,0.0399182103574276,0.03827021270990372,0.0320444330573082,0.019409772008657455,0.00878933072090149,-0.0005493331700563431,-0.011719107627868652,-0.02545243687927723,-0.040833763778209686,-0.05694753676652908,-0.07342753559350967,-0.08111819624900818,-0.07873775064945221,-0.08020263910293579,-0.08935819566249847,-0.10510574281215668,-0.11847285181283951,-0.1342204064130783,-0.14960172772407532,-0.16388440132141113,-0.17249061167240143,-0.17047639191150665,-0.15216529369354248,-0.14648884534835815,-0.13751640915870667,-0.13220618665218353,-0.1272621899843216,-0.12121951580047607,-0.11664174497127533,-0.11334574222564697,-0.11316263675689697,-0.11572618782520294,-0.1192052960395813,-0.12140262871980667,-0.12378307431936264,-0.12524795532226562,-0.12451551854610443,-0.12469863146543503,-0.1279946267604828,-0.13330484926700592,-0.13806574046611786,-0.14081239700317383,-0.13989683985710144,-0.1353190690279007,-0.12909328937530518,-0.12195196747779846,-0.11554307490587234,-0.10968352109193802,-0.10419019311666489,-0.09906308352947235,-0.0950346365571022,-0.09228797256946564,-0.08954130858182907,-0.0873439759016037,-0.08532975614070892,-0.08368175476789474,-0.08093509078025818
0.04376354068517685,0.04504531994462013,0.046510208398103714,0.045594654977321625,0.04211554303765297,0.03515732288360596,0.022522659972310066,0.0027466658502817154,-0.023438215255737305,-0.051271095871925354,-0.07745597511529922,-0.09027375280857086,-0.09027375280857086,-0.09448530524969101,-0.10858485847711563,-0.1265297383069992,-0.13806574046611786,-0.15234839916229248,-0.16443373262882233,-0.1754203885793686,-0.1750541627407074,-0.1660817265510559,-0.15326395630836487,-0.14813683927059174,-0.13989683985710144,-0.13696706295013428,-0.13092440366744995,-0.126163512468338,-0.12158574163913727,-0.11828973889350891,-0.11828973889350891,-0.12140262871980667,-0.1263466328382492,-0.13000884652137756,-0.13330484926700592,-0.13641773164272308,-0.13715018332004547,-0.13696706295013428,-0.13861507177352905,-0.14136174321174622,-0.1430097371339798,-0.1422772854566574,-0.13861507177352905,-0.13238929212093353,-0.12451551854610443,-0.11645863205194473,-0.10931730270385742,-0.1032746359705925,-0.09796441346406937,-0.09320352971553802,-0.08990752696990967,-0.0877101942896843,-0.08569597452878952,-0.08423108607530594,-0.08258308470249176,-0.08093509078025818,-0.07763908803462982,-0.07361064851284027,-0.06958220154047012,-0.06610309332609177
0.054383985698223114,0.05493331700563431,0.05255287140607834,0.045594654977321625,0.032227545976638794,0.006408886983990669,-0.03241065889596939,-0.07379375398159027,-0.09851375222206116,-0.10217596590518951,-0.10785241425037384,-0.12305063009262085,-0.14502395689487457,-0.16058839857578278,-0.17175817489624023,-0.17816706001758575,-0.18018127977848053,-0.17212438583374023,-0.16040527820587158,-0.15234839916229248,-0.14868617057800293,-0.1430097371339798,-0.14154484868049622,-0.1351359635591507,-0.13110750913619995,-0.125980406999588,-0.12323374301195145,-0.12268440425395966,-0.1263466328382492,-0.13202306628227234,-0.13733328878879547,-0.14117862284183502,-0.14484085142612457,-0.14685507118701935,-0.14612261950969696,-0.14575639367103577,-0.14593951404094696,-0.14465773105621338,-0.14172795414924622,-0.13660085201263428,-0.12964263558387756,-0.12103641033172607,-0.11261329799890518,-0.10510574281215668,-0.09869685769081116,-0.09375286102294922,-0.08935819566249847,-0.08606219291687012,-0.08404797315597534,-0.08276619762182236,-0.08185064047574997,-0.08056886494159698,-0.0789208635687828,-0.07525864243507385,-0.07086397707462311,-0.06646931171417236,-0.062990203499794,-0.060792870819568634,-0.05877865105867386,-0.05731376260519028
0.052735984325408936,0.046327099204063416,0.0320444330573082,-0.004943998530507088,-0.05969420447945595,-0.1032746359705925,-0.11371196806430817,-0.11847285181283951,-0.1342204064130783,-0.1514328420162201,-0.16882839798927307,-0.1818292737007141,-0.18622393906116486,-0.18402661383152008,-0.17303994297981262,-0.16132083535194397,-0.15399639308452606,-0.1505172848701477,-0.14758750796318054,-0.14502395689487457,-0.13989683985710144,-0.13641773164272308,-0.13055817782878876,-0.1279946267604828,-0.1265297383069992,-0.13055817782878876,-0.13623462617397308,-0.1426435112953186,-0.14740440249443054,-0.1508835107088089,-0.15308085083961487,-0.15253150463104248,-0.1505172848701477,-0.14831995964050293,-0.14502395689487457,-0.14026306569576263,-0.1344035118818283,-0.1276284009218216,-0.1188390776515007,-0.10986663401126862,-0.10217596590518951,-0.09649952501058578,-0.09173864126205444,-0.08642841875553131,-0.08276619762182236,-0.08111819624900818,-0.08020263910293579,-0.0796533077955246,-0.07837153226137161,-0.07635731250047684,-0.07287819683551788,-0.06830042600631714,-0.0640888661146164,-0.060792870819568634,-0.05859553813934326,-0.05713064968585968,-0.05639820545911789,-0.0554826483130455,-0.05420087277889252,-0.05255287140607834
0.0199591051787138,-0.036805324256420135,-0.09887997061014175,-0.12378307431936264,-0.1272621899843216,-0.14026306569576263,-0.15399639308452606,-0.16864527761936188,-0.1754203885793686,-0.17322306334972382,-0.17249061167240143,-0.1660817265510559,-0.1578417271375656,-0.15289773046970367,-0.15308085083961487,-0.1510666161775589,-0.14813683927059174,-0.14465773105621338,-0.14136174321174622,-0.1356852948665619,-0.13257241249084473,-0.13055817782878876,-0.13385418057441711,-0.13953062891960144,-0.14612261950969696,-0.1516159474849701,-0.15527817606925964,-0.15692616999149323,-0.15637683868408203,-0.15344706177711487,-0.1499679535627365,-0.14502395689487457,-0.13898129761219025,-0.13202306628227234,-0.12469863146543503,-0.11609241366386414,-0.10766930133104324,-0.10089419037103653,-0.0954008623957634,-0.08990752696990967,-0.08404797315597534,-0.08020263910293579,-0.07855464518070221,-0.07745597511529922,-0.07708975672721863,-0.07562486827373505,-0.07324442267417908,-0.06939908862113953,-0.06518753618001938,-0.06134220212697983,-0.05859553813934326,-0.05694753676652908,-0.05621509253978729,-0.0556657612323761,-0.055116429924964905,-0.05420087277889252,-0.05328531563282013,-0.052003540098667145,-0.05017242953181267,-0.04834131896495819
-0.12854395806789398,-0.1355021893978119,-0.14520706236362457,-0.1594897359609604,-0.1660817265510559,-0.17267373204231262,-0.17340616881847382,-0.17011016607284546,-0.16992706060409546,-0.16791284084320068,-0.16333505511283875,-0.158574178814888,-0.15472884476184845,-0.15216529369354248,-0.14831995964050293,-0.14575639367103577,-0.14117862284183502,-0.13751640915870667,-0.1351359635591507,-0.13696706295013428,-0.1420941799879074,-0.14850306510925293,-0.15381328761577606,-0.1582079529762268,-0.1591235101222992,-0.1578417271375656,-0.15472884476184845,-0.1499679535627365,-0.14392529428005219,-0.13660085201263428,-0.12854395806789398,-0.12085329741239548,-0.11316263675689697,-0.10583819448947906,-0.09924618899822235,-0.09320352971553802,-0.0877101942896843,-0.08258308470249176,-0.07873775064945221,-0.07672353088855743,-0.07507553696632385,-0.07452619820833206,-0.07287819683551788,-0.06994841992855072,-0.06591998040676117,-0.06207464635372162,-0.058412425220012665,-0.05621509253978729,-0.05493331700563431,-0.05456709489226341,-0.054383985698223114,-0.05383465066552162,-0.05328531563282013,-0.05255287140607834,-0.051271095871925354,-0.04998932033777237,-0.047975096851587296,-0.045594654977321625,-0.04358043149113655,-0.04156620800495148
-0.16351817548274994,-0.16827906668186188,-0.1664479523897171,-0.16937772929668427,-0.16791284084320068,-0.17139194905757904,-0.17175817489624023,-0.16791284084320068,-0.16095462441444397,-0.1583910584449768,-0.15655995905399323,-0.15271462500095367,-0.1497848480939865,-0.14630573987960815,-0.1424604058265686,-0.14044618606567383,-0.14062929153442383,-0.14429152011871338,-0.1507004052400589,-0.15509507060050964,-0.1593066155910492,-0.16058839857578278,-0.158574178814888,-0.15491195023059845,-0.1497848480939865,-0.1430097371339798,-0.1349528431892395,-0.1265297383069992,-0.11847285181283951,-0.110965296626091,-0.1036408543586731,-0.09686575084924698,-0.09100619703531265,-0.08569597452878952,-0.08130130916833878,-0.07763908803462982,-0.07507553696632385,-0.07269509136676788,-0.0717795342206955,-0.06976531445980072,-0.06646931171417236,-0.06262397766113281,-0.059144869446754456,-0.056031983345746994,-0.05420087277889252,-0.05328531563282013,-0.05310220643877983,-0.052735984325408936,-0.05236976221203804,-0.05182042717933655,-0.05108798295259476,-0.05017242953181267,-0.048890650272369385,-0.04669331759214401,-0.04449598491191864,-0.042481765151023865,-0.040101319551467896,-0.03717154264450073,-0.034424878656864166,-0.033692434430122375
-0.16461683809757233,-0.1671803891658783,-0.17230750620365143,-0.17120884358882904,-0.16956083476543427,-0.16425061225891113,-0.16315194964408875,-0.16241951286792755,-0.158757284283638,-0.15436261892318726,-0.1508835107088089,-0.14795373380184174,-0.14575639367103577,-0.14539018273353577,-0.14722129702568054,-0.15289773046970367,-0.15692616999149323,-0.16003906726837158,-0.16150395572185516,-0.1594897359609604,-0.15546128153800964,-0.1499679535627365,-0.1431928426027298,-0.1349528431892395,-0.125797301530838,-0.11700796335935593,-0.10895107686519623,-0.10180974751710892,-0.0952177494764328,-0.08880886435508728,-0.08423108607530594,-0.0796533077955246,-0.07599108666181564,-0.07324442267417908,-0.07013153284788132,-0.06848353147506714,-0.06646931171417236,-0.0639057606458664,-0.06060975790023804,-0.057496871799230576,-0.05456709489226341,-0.05291909724473953,-0.05182042717933655,-0.05163731798529625,-0.05108798295259476,-0.05053865164518356,-0.04980620741844177,-0.04925687611103058,-0.04834131896495819,-0.046510208398103714,-0.04412976652383804,-0.04211554303765297,-0.039185766130685806,-0.03588976711034775,-0.0318613238632679,-0.028931546956300735,-0.02710043638944626,-0.02453688159584999,-0.019409772008657455,-0.008606219664216042
-0.16571550071239471,-0.1660817265510559,-0.16425061225891113,-0.1658986210823059,-0.1669972836971283,-0.16296884417533875,-0.158757284283638,-0.15546128153800964,-0.15253150463104248,-0.1505172848701477,-0.1501510739326477,-0.1512497365474701,-0.15491195023059845,-0.1591235101222992,-0.16132083535194397,-0.16205328702926636,-0.16022217273712158,-0.15582750737667084,-0.1501510739326477,-0.1428266167640686,-0.1342204064130783,-0.12469863146543503,-0.11590930074453354,-0.10803551971912384,-0.10071107745170593,-0.09411908686161041,-0.08789330720901489,-0.08239997923374176,-0.07745597511529922,-0.07361064851284027,-0.07049775868654251,-0.06738486886024475,-0.06573686748743057,-0.06427197903394699,-0.06262397766113281,-0.06006042659282684,-0.056764427572488785,-0.05401775985956192,-0.052003540098667145,-0.05090487375855446,-0.050355538725852966,-0.04980620741844177,-0.04925687611103058,-0.04834131896495819,-0.047059543430805206,-0.04541154205799103,-0.04358043149113655,-0.04119998961687088,-0.03808709979057312,-0.034424878656864166,-0.03021332435309887,-0.025635547935962677,-0.021607104688882828,-0.017212439328432083,-0.008423108607530594,0.0,0.0,0.0,0.0,0.0
-0.1669972836971283,-0.1671803891658783,-0.1658986210823059,-0.16333505511283875,-0.16040527820587158,-0.15710929036140442,-0.15564440190792084,-0.15527817606925964,-0.15564440190792084,-0.15729239583015442,-0.16077150404453278,-0.16241951286792755,-0.16260261833667755,-0.16077150404453278,-0.15655995905399323,-0.1501510739326477,-0.1420941799879074,-0.13330484926700592,-0.12414929270744324,-0.11572618782520294,-0.10803551971912384,-0.10071107745170593,-0.09320352971553802,-0.0867946445941925,-0.08056886494159698,-0.07525864243507385,-0.0712302029132843,-0.06848353147506714,-0.06591998040676117,-0.06482131779193878,-0.06427197903394699,-0.062990203499794,-0.06060975790023804,-0.05731376260519028,-0.05420087277889252,-0.05182042717933655,-0.05017242953181267,-0.04907376319169998,-0.04852443188428879,-0.0476088747382164,-0.04596087336540222,-0.04431287571787834,-0.04229865223169327,-0.04046754539012909,-0.036805324256420135,-0.03314310312271118,-0.02856532484292984,-0.023987548425793648,-0.0199591051787138,-0.016296884045004845,-0.009887997061014175,-0.005310220643877983,0.0,0.0,0.0,0.0,0.0,0.0,0.0,0.0
-0.17011016607284546,-0.1666310578584671,-0.16315194964408875,-0.16095462441444397,-0.16040527820587158,-0.16040527820587158,-0.16022217273712158,-0.16187018156051636,-0.16296884417533875,-0.16296884417533875,-0.16132083535194397,-0.15747550129890442,-0.1510666161775589,-0.1428266167640686,-0.13403728604316711,-0.12488174438476562,-0.11627551913261414,-0.10803551971912384,-0.10052797198295593,-0.09283730387687683,-0.08606219291687012,-0.0794702023267746,-0.07434308528900146,-0.07068087160587311,-0.06848353147506714,-0.06720175594091415,-0.06665242463350296,-0.06610309332609177,-0.06427197903394699,-0.061525315046310425,-0.058229316025972366,-0.05475020408630371,-0.05163731798529625,-0.04907376319169998,-0.047242652624845505,-0.04614398628473282,-0.04467909783124924,-0.04303109645843506,-0.04101687669754028,-0.03881954401731491,-0.03515732288360596,-0.03094576857984066,-0.026551103219389915,-0.02142399363219738,-0.01666310615837574,-0.01263466291129589,-0.008423108607530594,-0.0001831110566854477,0.0,0.0,0.0,0.0,0.0,0.0,0.0,0.0,0.0,0.0,0.0,0.0
-0.16553239524364471,-0.16461683809757233,-0.16443373262882233,-0.16351817548274994,-0.16278572380542755,-0.16260261833667755,-0.16205328702926636,-0.16077150404453278,-0.1576586216688156,-0.1519821733236313,-0.14429152011871338,-0.1355021893978119,-0.1263466328382492,-0.11737418919801712,-0.10876797139644623,-0.10089419037103653,-0.09320352971553802,-0.08624530583620071,-0.08020263910293579,-0.07562486827373505,-0.07269509136676788,-0.0710470899939537,-0.07013153284788132,-0.06903287023305893,-0.06756798177957535,-0.06518753618001938,-0.06244087219238281,-0.05877865105867386,-0.05475020408630371,-0.05090487375855446,-0.047975096851587296,-0.04541154205799103,-0.04284798726439476,-0.04065065458416939,-0.038636431097984314,-0.03625598922371864,-0.03332621231675148,-0.028748435899615288,-0.024353770539164543,-0.019409772008657455,-0.014831995591521263,-0.012085329741239548,-0.008423108607530594,-0.005493331700563431,-0.002929776906967163,0.0,0.0,0.0,0.0,0.0,0.0,0.0,0.0,0.0,0.0,0.0,0.0,0.0,0.0,0.0
-0.1662648320198059,-0.16443373262882233,-0.16241951286792755,-0.16077150404453278,-0.1593066155910492,-0.15674306452274323,-0.1519821733236313,-0.14502395689487457,-0.13660085201263428,-0.1276284009218216,-0.1186559647321701,-0.10986663401126862,-0.10199286043643951,-0.09448530524969101,-0.08825953304767609,-0.08313241600990295,-0.079287089407444,-0.07690664380788803,-0.07525864243507385,-0.07342753559350967,-0.0715964213013649,-0.06921598315238953,-0.06646931171417236,-0.062990203499794,-0.059144869446754456,-0.054383985698223114,-0.04998932033777237,-0.04614398628473282,-0.04229865223169327,-0.038636431097984314,-0.035340435802936554,-0.03277687728404999,-0.03021332435309887,-0.026367992162704468,-0.021973326802253723,-0.01739555038511753,-0.012268440797924995,-0.00714133121073246,-0.007690664380788803,-0.0038453321903944016,-0.0012817773967981339,0.0,0.0,0.0,0.0,0.0,0.0,0.0,0.0,0.0,0.0,0.0,0.0,0.0,0.0,0.0,0.0,0.0,0.0,0.0
-0.16040527820587158,-0.1576586216688156,-0.15527817606925964,-0.1512497365474701,-0.14484085142612457,-0.13696706295013428,-0.12836085259914398,-0.11975462734699249,-0.1113315224647522,-0.1034577488899231,-0.09686575084924698,-0.09155552834272385,-0.0871608629822731,-0.08386486768722534,-0.08111819624900818,-0.07873775064945221,-0.07617419958114624,-0.07397686690092087,-0.0710470899939537,-0.06756798177957535,-0.0635395348072052,-0.059144869446754456,-0.05401775985956192,-0.04834131896495819,-0.043214209377765656,-0.03808709979057312,-0.032959990203380585,-0.029114658012986183,-0.02618488110601902,-0.023438215255737305,-0.019226660951972008,-0.01501510664820671,-0.01116977445781231,-0.006042664870619774,-0.0003662221133708954,-0.00714133121073246,-0.0014648884534835815,0.0,0.0,0.0,0.0,0.0,0.0,0.0,0.0,0.0,0.0,0.0,0.0,0.0,0.0,0.0,0.0,0.0,0.0,0.0,0.0,0.0,0.0,0.0
-0.1497848480939865,-0.14410839974880219,-0.13678395748138428,-0.12854395806789398,-0.12012085318565369,-0.11243018507957458,-0.10565508157014847,-0.09979552775621414,-0.0948515236377716,-0.09118930995464325,-0.08789330720901489,-0.08459730446338654,-0.08148442208766937,-0.07873775064945221,-0.07580797374248505,-0.07269509136676788,-0.06848353147506714,-0.0637226477265358,-0.05859553813934326,-0.05291909724473953,-0.04614398628473282,-0.03881954401731491,-0.0320444330573082,-0.026551103219389915,-0.022705771028995514,-0.0199591051787138,-0.017029328271746635,-0.013000885024666786,-0.007690664380788803,-0.005310220643877983,-0.0009155552834272385,0.005493331700563431,0.0,0.0,0.0,0.0,0.0,0.0,0.0,0.0,0.0,0.0,0.0,0.0,0.0,0.0,0.0,0.0,0.0,0.0,0.0,0.0,0.0,0.0,0.0,0.0,0.0,0.0,0.0,0.0
-0.12836085259914398,-0.12067018449306488,-0.11371196806430817,-0.10766930133104324,-0.1029084175825119,-0.09869685769081116,-0.0948515236377716,-0.09100619703531265,-0.0875270813703537,-0.08404797315597534,-0.08075197786092758,-0.07727286219596863,-0.07361064851284027,-0.06884975731372833,-0.0633564293384552,-0.05694753676652908,-0.049623094499111176,-0.04156620800495148,-0.03259376809000969,-0.024903103709220886,-0.019409772008657455,-0.016113772988319397,-0.015198217704892159,-0.012268440797924995,-0.008972441777586937,-0.0021973326802253723,-0.004211554303765297,-0.0005493331700563431,-0.0003662221133708954,0.0,0.0,0.0,0.0,0.0,0.0,0.0,0.0,0.0,0.0,0.0,0.0,0.0,0.0,0.0,0.0,0.0,0.0,0.0,0.0,0.0,0.0,0.0,0.0,0.0,0.0,0.0,0.0,0.0,0.0,0.0
-0.11023285984992981,-0.10620441287755966,-0.10217596590518951,-0.09814752638339996,-0.09411908686161041,-0.09027375280857086,-0.08642841875553131,-0.08239997923374176,-0.07818841934204102,-0.07361064851284027,-0.06793420016765594,-0.060792870819568634,-0.05255287140607834,-0.04376354068517685,-0.034424878656864166,-0.02471999265253544,-0.01666310615837574,-0.010986663401126862,-0.00714133121073246,-0.008972441777586937,-0.009704886004328728,-0.011535996571183205,0.0027466658502817154,-0.0056764427572488785,-0.0001831110566854477,0.0,0.0,0.0,0.0,0.0,0.0,0.0,0.0,0.0,0.0,0.0,0.0,0.0,0.0,0.0,0.0,0.0,0.0,0.0,0.0,0.0,0.0,0.0,0.0,0.0,0.0,0.0,0.0,0.0,0.0,0.0,0.0,0.0,0.0,0.0
-0.10052797198295593,-0.09668263792991638,-0.09265419840812683,-0.08825953304767609,-0.08313241600990295,-0.07782220095396042,-0.07196264714002609,-0.06463820487260818,-0.056031983345746994,-0.04596087336540222,-0.03570665419101715,-0.025818658992648125,-0.016296884045004845,-0.008606219664216042,-0.001831110566854477,0.004211554303765297,-0.0007324442267417908,0.0001831110566854477,0.0,0.008056886494159698,0.0,0.0,0.0,0.0,0.0,0.0,0.0,0.0,0.0,0.0,0.0,0.0,0.0,0.0,0.0,0.0,0.0,0.0,0.0,0.0,0.0,0.0,0.0,0.0,0.0,0.0,0.0,0.0,0.0,0.0,0.0,0.0,0.0,0.0,0.0,0.0,0.0,0.0,0.0,0.0
-0.08935819566249847,-0.08313241600990295,-0.07599108666181564,-0.06775109469890594,-0.058412425220012665,-0.04834131896495819,-0.037537768483161926,-0.02691732533276081,-0.01757866144180298,-0.00952177494764328,-0.0027466658502817154,0.0031128879636526108,0.0027466658502817154,0.0,0.0,0.0,0.0,0.0,0.0,0.0,0.0,0.0,0.0,0.0,0.0,0.0,0.0,0.0,0.0,0.0,0.0,0.0,0.0,0.0,0.0,0.0,0.0,0.0,0.0,0.0,0.0,0.0,0.0,0.0,0.0,0.0,0.0,0.0,0.0,0.0,0.0,0.0,0.0,0.0,0.0,0.0,0.0,0.0,0.0,0.0
-0.06189153715968132,-0.051271095871925354,-0.04046754539012909,-0.02948088012635708,-0.01977599412202835,-0.0119022186845541,-0.005310220643877983,0.0010986663401126862,0.001831110566854477,0.0,0.0,0.0,0.0,0.0,0.0,0.0,0.0,0.0,0.0,0.0,0.0,0.0,0.0,0.0,0.0,0.0,0.0,0.0,0.0,0.0,0.0,0.0,0.0,0.0,0.0,0.0,0.0,0.0,0.0,0.0,0.0,0.0,0.0,0.0,0.0,0.0,0.0,0.0,0.0,0.0,0.0,0.0,0.0,0.0,0.0,0.0,0.0,0.0,0.0,0.0
-0.023255104199051857,-0.015381328761577606,-0.008423108607530594,-0.0021973326802253723,0.0007324442267417908,0.0,0.0,0.0,0.0,0.0,0.0,0.0,0.0,0.0,0.0,0.0,0.0,0.0,0.0,0.0,0.0,0.0,0.0,0.0,0.0,0.0,0.0,0.0,0.0,0.0,0.0,0.0,0.0,0.0,0.0,0.0,0.0,0.0,0.0,0.0,0.0,0.0,0.0,0.0,0.0,0.0,0.0,0.0,0.0,0.0,0.0,0.0,0.0,0.0,0.0,0.0,0.0,0.0,0.0,0.0
-0.0005493331700563431,0.0,0.0,0.0,0.0,0.0,0.0,0.0,0.0,0.0,0.0,0.0,0.0,0.0,0.0,0.0,0.0,0.0,0.0,0.0,0.0,0.0,0.0,0.0,0.0,0.0,0.0,0.0,0.0,0.0,0.0,0.0,0.0,0.0,0.0,0.0,0.0,0.0,0.0,0.0,0.0,0.0,0.0,0.0,0.0,0.0,0.0,0.0,0.0,0.0,0.0,0.0,0.0,0.0,0.0,0.0,0.0,0.0,0.0,0.0
0.0,0.0,0.0,0.0,0.0,0.0,0.0,0.0,0.0,0.0,0.0,0.0,0.0,0.0,0.0,0.0,0.0,0.0,0.0,0.0,0.0,0.0,0.0,0.0,0.0,0.0,0.0,0.0,0.0,0.0,0.0,0.0,0.0,0.0,0.0,0.0,0.0,0.0,0.0,0.0,0.0,0.0,0.0,0.0,0.0,0.0,0.0,0.0,0.0,0.0,0.0,0.0,0.0,0.0,0.0,0.0,0.0,0.0,0.0,0.0
0.0,0.0,0.0,0.0,0.0,0.0,0.0,0.0,0.0,0.0,0.0,0.0,0.0,0.0,0.0,0.0,0.0,0.0,0.0,0.0,0.0,0.0,0.0,0.0,0.0,0.0,0.0,0.0,0.0,0.0,0.0,0.0,0.0,0.0,0.0,0.0,0.0,0.0,0.0,0.0,0.0,0.0,0.0,0.0,0.0,0.0,0.0,0.0,0.0,0.0,0.0,0.0,0.0,0.0,0.0,0.0,0.0,0.0,0.0,0.0
0.0,0.0,0.0,0.0,0.0,0.0,0.0,0.0,0.0,0.0,0.0,0.0,0.0,0.0,0.0,0.0,0.0,0.0,0.0,0.0,0.0,0.0,0.0,0.0,0.0,0.0,0.0,0.0,0.0,0.0,0.0,0.0,0.0,0.0,0.0,0.0,0.0,0.0,0.0,0.0,0.0,0.0,0.0,0.0,0.0,0.0,0.0,0.0,0.0,0.0,0.0,0.0,0.0,0.0,0.0,0.0,0.0,0.0,0.0,0.0
0.0,0.0,0.0,0.0,0.0,0.0,0.0,0.0,0.0,0.0,0.0,0.0,0.0,0.0,0.0,0.0,0.0,0.0,0.0,0.0,0.0,0.0,0.0,0.0,0.0,0.0,0.0,0.0,0.0,0.0,0.0,0.0,0.0,0.0,0.0,0.0,0.0,0.0,0.0,0.0,0.0,0.0,0.0,0.0,0.0,0.0,0.0,0.0,0.0,0.0,0.0,0.0,0.0,0.0,0.0,0.0,0.0,0.0,0.0,0.0
