static/leaflet-velocity/leaflet-velocity/wind-velocity.json
{"header": { "parameterUnit": "m.s", "parameterNumber": 3, "dx": 8.7738037109375e-05, "dy": -0.0004119873046875, "parameterNumberName": "northward_wind", "la1": 62.765647888183594, "la2": 62.885101318359375, "parameterCategory": 2, "lo2": 7.076683044433594, "nx": 294, "ny": 291, "refTime": "2017-02-01 23:00:00", "lo1": 7.105113983154297 }, "data":
[rows 135 to 161 of 291, columns 60 to 119 of 294]
0.0056764427572488785,0.0119022186845541,0.01904354989528656,0.024353770539164543,0.0316782146692276,0.04101687669754028,0.052003540098667145,0.06482131779193878,0.07800531387329102,0.09155552834272385,0.1027253046631813,0.11316263675689697,0.12213507294654846,0.1276284009218216,0.1279946267604828,0.12176885455846786,0.10950040817260742,0.09137241542339325,0.06683553755283356,0.03259376809000969,-0.010620441287755966,-0.019409772008657455,-0.021607104688882828,-0.021607104688882828,-0.021790215745568275,-0.02691732533276081,-0.0199591051787138,-0.009887997061014175,-0.0009155552834272385,0.0,0.0,0.0,0.0,0.0,0.0,0.0,0.0012817773967981339,-0.003479110077023506,-0.008056886494159698,-0.011535996571183205,-0.01355021819472313,-0.01116977445781231,-0.005493331700563431,0.0003662221133708954,-0.0014648884534835815,-0.00714133121073246,-0.01428266242146492,-0.020874660462141037,-0.027466658502817154,-0.034424878656864166,-0.04119998961687088,-0.048158206045627594,-0.05401775985956192,-0.05694753676652908,-0.05713064968585968,-0.05456709489226341,-0.04998932033777237,-0.04266487807035446,-0.03350932151079178,-0.022705771028995514
0.037537768483161926,0.039185766130685806,0.04504531994462013,0.05383465066552162,0.06500442326068878,0.07727286219596863,0.09009063988924026,0.10217596590518951,0.11316263675689697,0.12250129878520966,0.1276284009218216,0.1268959641456604,0.11957152187824249,0.10638752579689026,0.08972442150115967,0.06427197903394699,0.021790215745568275,-0.06006042659282684,-0.04467909783124924,-0.03094576857984066,-0.017944883555173874,-0.00238044373691082,0.0,0.0,0.0,0.0,0.0,0.0,0.0,0.0,0.0,0.0,0.0,-0.0007324442267417908,-0.006591998040676117,-0.01263466291129589,-0.01739555038511753,-0.019592883065342903,-0.017212439328432083,-0.012451551854610443,-0.008423108607530594,-0.008423108607530594,-0.01116977445781231,-0.016113772988319397,-0.02215643785893917,-0.028931546956300735,-0.036805324256420135,-0.04467909783124924,-0.05255287140607834,-0.06006042659282684,-0.06482131779193878,-0.06683553755283356,-0.06573686748743057,-0.06189153715968132,-0.055116429924964905,-0.04577776417136192,-0.03424176573753357,-0.021607104688882828,-0.009704886004328728,-0.0014648884534835815
0.05493331700563431,0.06427197903394699,0.07525864243507385,0.0873439759016037,0.09961241483688354,0.11023285984992981,0.11810663342475891,0.12250129878520966,0.12268440425395966,0.11847285181283951,0.11188085377216339,0.10602129995822906,0.09814752638339996,0.09924618899822235,0.0,0.0,0.0,0.0,0.0,0.0,0.0,0.0,0.0,0.0,0.0,0.0,0.0,0.0,0.0,-0.0007324442267417908,-0.002929776906967163,-0.009338663890957832,-0.015564439818263054,-0.0199591051787138,-0.02069154940545559,-0.017944883555173874,-0.013733329251408577,-0.010071108117699623,-0.008972441777586937,-0.010437330231070518,-0.014831995591521263,-0.020874660462141037,-0.028015991672873497,-0.036805324256420135,-0.045594654977321625,-0.054383985698223114,-0.06280709058046341,-0.06958220154047012,-0.07397686690092087,-0.07507553696632385,-0.07306130975484848,-0.06720175594091415,-0.057679980993270874,-0.045594654977321625,-0.0318613238632679,-0.01831110566854477,-0.007507553324103355,-0.0021973326802253723,-0.0020142216235399246,-0.005127109587192535
0.08221686631441116,0.09265419840812683,0.10180974751710892,0.10931730270385742,0.11462752521038055,0.11755730211734772,0.11792352050542831,0.11847285181283951,0.12048707902431488,0.11792352050542831,0.11188085377216339,0.0,0.0,0.0,0.0,0.0,0.0,0.0,0.0,0.0,0.0,0.0,0.0,0.0,0.0,-0.0007324442267417908,-0.0016479995101690292,-0.004211554303765297,-0.009704886004328728,-0.013733329251408577,-0.0157475508749485,-0.015198217704892159,-0.012817773967981339,-0.009155552834272385,-0.0062257759273052216,-0.00476088747382164,-0.005859553813934326,-0.010071108117699623,-0.01666310615837574,-0.02453688159584999,-0.03332621231675148,-0.04358043149113655,-0.05383465066552162,-0.062990203499794,-0.0715964213013649,-0.07837153226137161,-0.08221686631441116,-0.08276619762182236,-0.07837153226137161,-0.06939908862113953,-0.05694753676652908,-0.042481765151023865,-0.027283547446131706,-0.01428266242146492,-0.006042664870619774,-0.0031128879636526108,-0.004943998530507088,-0.008423108607530594,-0.012268440797924995,-0.019409772008657455
0.10052797198295593,0.10840174555778503,0.11462752521038055,0.11975462734699249,0.125797301530838,0.13165685534477234,0.1267128586769104,0.11682485044002533,0.0,0.0,0.0,0.0,0.0,0.0,0.0,0.0,0.0,0.0,-0.0005493331700563431,-0.00952177494764328,-0.012817773967981339,-0.007507553324103355,-0.004211554303765297,-0.002929776906967163,-0.0031128879636526108,-0.005493331700563431,-0.006591998040676117,-0.00714133121073246,-0.006591998040676117,-0.005127109587192535,-0.002929776906967163,-0.0007324442267417908,0.0005493331700563431,0.0007324442267417908,-0.0025635547935962677,-0.01025421917438507,-0.018860438838601112,-0.0276497695595026,-0.039185766130685806,-0.051271095871925354,-0.06170842796564102,-0.0714133083820343,-0.08020263910293579,-0.08661153167486191,-0.08972442150115967,-0.08844263851642609,-0.08111819624900818,-0.06903287023305893,-0.05401775985956192,-0.037537768483161926,-0.02233954891562462,-0.011535996571183205,-0.005493331700563431,-0.00476088747382164,-0.008056886494159698,-0.012451551854610443,-0.01977599412202835,-0.031495101749897,-0.04431287571787834,-0.05218665301799774
0.12158574163913727,0.13165685534477234,0.13971373438835144,0.13385418057441711,0.12414929270744324,0.0,0.0,0.0,0.0,0.0,0.0,-0.0007324442267417908,-0.009155552834272385,-0.014099551364779472,-0.01812799461185932,-0.011719107627868652,-0.013183996081352234,-0.015381328761577606,-0.011535996571183205,-0.005859553813934326,-0.0016479995101690292,0.0009155552834272385,0.0009155552834272385,0.0014648884534835815,0.00238044373691082,0.004028443247079849,0.004211554303765297,0.004211554303765297,0.004211554303765297,0.0038453321903944016,0.004211554303765297,0.0025635547935962677,-0.004577776417136192,-0.012817773967981339,-0.01977599412202835,-0.03387554734945297,-0.047975096851587296,-0.05951109528541565,-0.07013153284788132,-0.0796533077955246,-0.0877101942896843,-0.09338663518428802,-0.0954008623957634,-0.09155552834272385,-0.08111819624900818,-0.06665242463350296,-0.04980620741844177,-0.03277687728404999,-0.01904354989528656,-0.01025421917438507,-0.0062257759273052216,-0.007507553324103355,-0.012085329741239548,-0.01977599412202835,-0.0318613238632679,-0.045594654977321625,-0.05456709489226341,-0.057679980993270874,-0.057496871799230576,-0.05731376260519028
0.13916440308094025,0.14172795414924622,0.03479110077023506,0.0,0.0,0.0,0.0,-0.0005493331700563431,0.0001831110566854477,-0.001831110566854477,-0.005859553813934326,-0.011352885514497757,-0.013916440308094025,-0.01757866144180298,-0.018860438838601112,-0.013916440308094025,-0.005859553813934326,0.0007324442267417908,0.004394665360450745,0.005859553813934326,0.007690664380788803,0.009887997061014175,0.013733329251408577,0.013367107138037682,0.011535996571183205,0.008606219664216042,0.0038453321903944016,0.0014648884534835815,0.0,0.0,-0.0056764427572488785,-0.013183996081352234,-0.029663991183042526,-0.04522842913866043,-0.05713064968585968,-0.06775109469890594,-0.07763908803462982,-0.08624530583620071,-0.09320352971553802,-0.09796441346406937,-0.09869685769081116,-0.09247108548879623,-0.08020263910293579,-0.06463820487260818,-0.047242652624845505,-0.03094576857984066,-0.018677327781915665,-0.011535996571183205,-0.009887997061014175,-0.012817773967981339,-0.020325327292084694,-0.032959990203380585,-0.047059543430805206,-0.055848874151706696,-0.05896176025271416,-0.05932798236608505,-0.05859553813934326,-0.05694753676652908,-0.05383465066552162,-0.05017242953181267
0.0,0.0009155552834272385,-0.0007324442267417908,-0.0032959990203380585,0.0005493331700563431,0.0003662221133708954,-0.0025635547935962677,-0.006958220154047012,-0.011352885514497757,-0.015564439818263054,-0.0199591051787138,-0.023438215255737305,-0.016479995101690292,-0.005493331700563431,0.00238044373691082,0.006408886983990669,0.008056886494159698,0.009155552834272385,0.010437330231070518,0.01757866144180298,0.018860438838601112,0.015198217704892159,0.009704886004328728,0.0014648884534835815,0.0,0.0,0.0,0.0,-0.0014648884534835815,-0.024903103709220886,-0.04284798726439476,-0.05475020408630371,-0.06518753618001938,-0.07470931112766266,-0.08331552892923355,-0.09063997119665146,-0.09649952501058578,-0.09997864067554474,-0.09961241483688354,-0.09210485965013504,-0.079287089407444,-0.0635395348072052,-0.04687643051147461,-0.0320444330573082,-0.021607104688882828,-0.016846217215061188,-0.01812799461185932,-0.025635547935962677,-0.037720877677202225,-0.049623094499111176,-0.056581318378448486,-0.05877865105867386,-0.05877865105867386,-0.057496871799230576,-0.0556657612323761,-0.05328531563282013,-0.05108798295259476,-0.049623094499111176,-0.04852443188428879,-0.047059543430805206
0.00476088747382164,0.00476088747382164,0.004577776417136192,0.0021973326802253723,-0.0009155552834272385,-0.00238044373691082,-0.0016479995101690292,-0.0010986663401126862,0.0,-0.0020142216235399246,-0.0001831110566854477,0.0056764427572488785,0.006775109097361565,0.006042664870619774,0.003479110077023506,-0.0014648884534835815,0.0,0.0010986663401126862,0.0,0.0,0.0,0.0,0.0,-0.00238044373691082,-0.01977599412202835,-0.02050843834877014,-0.030579546466469765,-0.04339732229709625,-0.05291909724473953,-0.06244087219238281,-0.0712302029132843,-0.0794702023267746,-0.08661153167486191,-0.09283730387687683,-0.09759819507598877,-0.10016174614429474,-0.09887997061014175,-0.09118930995464325,-0.07873775064945221,-0.0640888661146164,-0.049623094499111176,-0.03808709979057312,-0.031495101749897,-0.031128879636526108,-0.036988433450460434,-0.04577776417136192,-0.05310220643877983,-0.057496871799230576,-0.058412425220012665,-0.057496871799230576,-0.0556657612323761,-0.05383465066552162,-0.05236976221203804,-0.051271095871925354,-0.049623094499111176,-0.047242652624845505,-0.04339732229709625,-0.038453321903944016,-0.03259376809000969,-0.025635547935962677
0.00952177494764328,0.00714133121073246,0.006042664870619774,0.006958220154047012,0.0,0.0,0.0,0.0,0.005310220643877983,0.006775109097361565,0.0056764427572488785,0.0025635547935962677,0.0009155552834272385,0.0,0.0,0.0,0.0,0.0,0.0,-0.001831110566854477,-0.006042664870619774,-0.01904354989528656,-0.026551103219389915,-0.032959990203380585,-0.04303109645843506,-0.05090487375855446,-0.05932798236608505,-0.06720175594091415,-0.07489242404699326,-0.08166752755641937,-0.0875270813703537,-0.09247108548879623,-0.09613330662250519,-0.09759819507598877,-0.0950346365571022,-0.0875270813703537,-0.07654042541980743,-0.06537064909934998,-0.0554826483130455,-0.04907376319169998,-0.0474257618188858,-0.04980620741844177,-0.053468428552150726,-0.056581318378448486,-0.058229316025972366,-0.057496871799230576,-0.0556657612323761,-0.05365154147148132,-0.052735984325408936,-0.05218665301799774,-0.05145420879125595,-0.04925687611103058,-0.045594654977321625,-0.04101687669754028,-0.03570665419101715,-0.029847102239727974,-0.023987548425793648,-0.019592883065342903,-0.011352885514497757,0.0
0.0007324442267417908,0.0,0.0,0.0,0.0,0.0032959990203380585,0.005493331700563431,0.004394665360450745,0.0007324442267417908,0.0,0.0,0.0,0.0,0.0,0.0,-0.0001831110566854477,0.006408886983990669,-0.004394665360450745,-0.016479995101690292,-0.027466658502817154,-0.032227545976638794,-0.04065065458416939,-0.04834131896495819,-0.055848874151706696,-0.062990203499794,-0.06958220154047012,-0.07580797374248505,-0.08111819624900818,-0.08569597452878952,-0.08935819566249847,-0.09173864126205444,-0.09192174673080444,-0.08899196982383728,-0.08349864184856415,-0.07562486827373505,-0.06866664439439774,-0.06280709058046341,-0.05932798236608505,-0.05859553813934326,-0.058412425220012665,-0.058412425220012665,-0.057679980993270874,-0.055848874151706696,-0.05383465066552162,-0.05218665301799774,-0.05145420879125595,-0.05090487375855446,-0.04943998530507088,-0.046327099204063416,-0.04211554303765297,-0.036988433450460434,-0.031311988830566406,-0.025086214765906334,-0.017944883555173874,-0.004394665360450745,0.0,0.0,0.0,0.0,0.0
0.0,0.0,0.0,0.0,0.0,0.0,0.0,0.0,0.0,0.0,0.0,0.0,0.0,0.014831995591521263,-0.0014648884534835815,-0.015381328761577606,-0.026551103219389915,-0.03003021329641342,-0.03790398687124252,-0.04504531994462013,-0.052003540098667145,-0.058412425220012665,-0.06427197903394699,-0.06939908862113953,-0.07379375398159027,-0.07763908803462982,-0.08075197786092758,-0.08294931054115295,-0.08404797315597534,-0.08313241600990295,-0.08038575202226639,-0.07599108666181564,-0.0714133083820343,-0.06720175594091415,-0.0637226477265358,-0.06134220212697983,-0.05951109528541565,-0.05804620683193207,-0.056581318378448486,-0.05475020408630371,-0.05291909724473953,-0.05182042717933655,-0.05090487375855446,-0.049623094499111176,-0.0474257618188858,-0.04467909783124924,-0.04101687669754028,-0.03662221133708954,-0.0320444330573082,-0.02710043638944626,-0.02233954891562462,-0.010620441287755966,0.0,0.0,0.0,0.0,0.0,0.0,0.0,0.0
0.0,0.0,0.0,0.0,0.0,0.0,0.0,0.0,0.0,-0.0025635547935962677,0.006042664870619774,-0.003662221133708954,-0.01666310615837574,-0.026001770049333572,-0.027466658502817154,-0.03460799157619476,-0.041749320924282074,-0.047975096851587296,-0.05401775985956192,-0.059144869446754456,-0.0631733164191246,-0.06646931171417236,-0.06921598315238953,-0.0714133083820343,-0.07342753559350967,-0.07470931112766266,-0.07470931112766266,-0.07324442267417908,-0.07086397707462311,-0.06756798177957535,-0.06445509195327759,-0.06170842796564102,-0.05951109528541565,-0.05786309391260147,-0.056764427572488785,-0.0552995391190052,-0.05420087277889252,-0.05328531563282013,-0.052735984325408936,-0.05182042717933655,-0.04980620741844177,-0.046510208398103714,-0.04284798726439476,-0.038636431097984314,-0.033692434430122375,-0.028199102729558945,-0.02215643785893917,-0.009704886004328728,0.0,0.0,0.0,0.0,0.0,0.0,0.0,0.0,0.0,0.0,0.0,0.0
0.0,0.0,0.0,0.0,0.0,0.0,0.010803552344441414,0.00787377543747425,-0.0032959990203380585,-0.01666310615837574,-0.023255104199051857,-0.024170659482479095,-0.031311988830566406,-0.03808709979057312,-0.04376354068517685,-0.04907376319169998,-0.05365154147148132,-0.05731376260519028,-0.05969420447945595,-0.06097598373889923,-0.06207464635372162,-0.0633564293384552,-0.06463820487260818,-0.06555375456809998,-0.06537064909934998,-0.0639057606458664,-0.06170842796564102,-0.059144869446754456,-0.05694753676652908,-0.055848874151706696,-0.0554826483130455,-0.0554826483130455,-0.0552995391190052,-0.05475020408630371,-0.05475020408630371,-0.05456709489226341,-0.05291909724473953,-0.04980620741844177,-0.04541154205799103,-0.04046754539012909,-0.03460799157619476,-0.028382213786244392,-0.021790215745568275,-0.009338663890957832,0.0,0.0,0.0,0.0,0.0,0.0,0.0,0.0,0.0,0.0,0.0,0.0,0.0,0.0,0.0,0.0
-0.005310220643877983,0.0,0.0,0.021057771518826485,0.011719107627868652,-0.0005493331700563431,-0.013916440308094025,-0.020142216235399246,-0.022522659972310066,-0.028748435899615288,-0.03424176573753357,-0.03900265693664551,-0.04358043149113655,-0.0476088747382164,-0.05108798295259476,-0.05291909724473953,-0.05328531563282013,-0.053468428552150726,-0.05420087277889252,-0.0552995391190052,-0.056581318378448486,-0.05713064968585968,-0.056764427572488785,-0.055116429924964905,-0.05328531563282013,-0.052003540098667145,-0.052003540098667145,-0.05291909724473953,-0.05475020408630371,-0.0556657612323761,-0.0556657612323761,-0.0552995391190052,-0.05420087277889252,-0.05182042717933655,-0.047975096851587296,-0.042481765151023865,-0.036072880029678345,-0.028199102729558945,-0.02142399363219738,-0.009155552834272385,0.0,0.0,0.0,0.0,0.0,0.0,0.0,0.0,0.0,0.0,0.0,0.0,0.0,0.0,0.0,0.0,0.0,0.0,0.0,0.0
-0.004394665360450745,0.0025635547935962677,-0.002929776906967163,-0.01355021819472313,-0.017029328271746635,-0.020142216235399246,-0.02453688159584999,-0.029114658012986183,-0.03332621231675148,-0.037537768483161926,-0.04101687669754028,-0.04431287571787834,-0.046327099204063416,-0.047059543430805206,-0.04687643051147461,-0.046510208398103714,-0.046510208398103714,-0.0474257618188858,-0.04852443188428879,-0.049623094499111176,-0.04925687611103058,-0.047791987657547,-0.047242652624845505,-0.047975096851587296,-0.05017242953181267,-0.05365154147148132,-0.05621509253978729,-0.056581318378448486,-0.0552995391190052,-0.05255287140607834,-0.04834131896495819,-0.04339732229709625,-0.03808709979057312,-0.03021332435309887,-0.02069154940545559,-0.00878933072090149,0.0,0.0,0.0,0.0,0.0,0.0,0.0,0.0,0.0,0.0,0.0,0.0,0.0,0.0,0.0,0.0,0.0,0.0,0.0,0.0,0.0,0.0,0.0,0.0
-0.01263466291129589,-0.01501510664820671,-0.01757866144180298,-0.021240882575511932,-0.02471999265253544,-0.028015991672873497,-0.031311988830566406,-0.03460799157619476,-0.03790398687124252,-0.040101319551467896,-0.04101687669754028,-0.040833763778209686,-0.0397351011633873,-0.039368875324726105,-0.040101319551467896,-0.04138309881091118,-0.043214209377765656,-0.04449598491191864,-0.04339732229709625,-0.04284798726439476,-0.04449598491191864,-0.0474257618188858,-0.05218665301799774,-0.05621509253978729,-0.05731376260519028,-0.055116429924964905,-0.04998932033777237,-0.04339732229709625,-0.03735465556383133,-0.032959990203380585,-0.02618488110601902,-0.009155552834272385,0.0,0.0,0.0,0.0,0.0,0.0,0.0,0.0,0.0,0.0,0.0,0.0,0.0,0.0,0.0,0.0,0.0,0.0,0.0,0.0,0.0,0.0,0.0,0.0,0.0,0.0,0.0,0.0
-0.01831110566854477,-0.020874660462141037,-0.023438215255737305,-0.026001770049333572,-0.028931546956300735,-0.0316782146692276,-0.033692434430122375,-0.03460799157619476,-0.035340435802936554,-0.03479110077023506,-0.03387554734945297,-0.03405865654349327,-0.03570665419101715,-0.03790398687124252,-0.04028443247079849,-0.0395519882440567,-0.03900265693664551,-0.04101687669754028,-0.04449598491191864,-0.049623094499111176,-0.05401775985956192,-0.05456709489226341,-0.052003540098667145,-0.04339732229709625,-0.031495101749897,-0.02215643785893917,-0.00878933072090149,0.0,0.0,0.0,0.0,0.0,0.0,0.0,0.0,0.0,0.0,0.0,0.0,0.0,0.0,0.0,0.0,0.0,0.0,0.0,0.0,0.0,0.0,0.0,0.0,0.0,0.0,0.0,0.0,0.0,0.0,0.0,0.0,0.0
-0.022705771028995514,-0.024353770539164543,-0.026551103219389915,-0.028199102729558945,-0.028931546956300735,-0.03021332435309887,-0.03021332435309887,-0.02929776906967163,-0.028931546956300735,-0.03094576857984066,-0.03314310312271118,-0.036072880029678345,-0.036072880029678345,-0.036072880029678345,-0.03827021270990372,-0.040833763778209686,-0.04376354068517685,-0.04577776417136192,-0.04577776417136192,-0.051271095871925354,-0.043946653604507446,-0.02618488110601902,-0.00878933072090149,0.0,0.0,0.0,0.0,0.0,0.0,0.0,0.0,0.0,0.0,0.0,0.0,0.0,0.0,0.0,0.0,0.0,0.0,0.0,0.0,0.0,0.0,0.0,0.0,0.0,0.0,0.0,0.0,0.0,0.0,0.0,0.0,0.0,0.0,0.0,0.0,0.0
-0.022705771028995514,-0.023255104199051857,-0.02471999265253544,-0.025818658992648125,-0.025635547935962677,-0.02471999265253544,-0.02618488110601902,-0.028382213786244392,-0.031495101749897,-0.0320444330573082,-0.032227545976638794,-0.0318613238632679,-0.029663991183042526,-0.029114658012986183,-0.025086214765906334,-0.004211554303765297,0.0,-0.01025421917438507,-0.007690664380788803,0.0,0.0,0.0,0.0,0.0,0.0,0.0,0.0,0.0,0.0,0.0,0.0,0.0,0.0,0.0,0.0,0.0,0.0,0.0,0.0,0.0,0.0,0.0,0.0,0.0,0.0,0.0,0.0,0.0,0.0,0.0,0.0,0.0,0.0,0.0,0.0,0.0,0.0,0.0,0.0,0.0
-0.021790215745568275,-0.02288888208568096,-0.02215643785893917,-0.022705771028995514,-0.024170659482479095,-0.026734214276075363,-0.026551103219389915,-0.02545243687927723,-0.022705771028995514,-0.017761772498488426,-0.0056764427572488785,0.0,0.0,0.0,0.0,0.0,0.0,0.0,0.0,0.0,0.0,0.0,0.0,0.0,0.0,0.0,0.0,0.0,0.0,0.0,0.0,0.0,0.0,0.0,0.0,0.0,0.0,0.0,0.0,0.0,0.0,0.0,0.0,0.0,0.0,0.0,0.0,0.0,0.0,0.0,0.0,0.0,0.0,0.0,0.0,0.0,0.0,0.0,0.0,0.0
-0.021790215745568275,-0.022522659972310066,-0.024353770539164543,-0.02526932582259178,-0.02453688159584999,-0.022522659972310066,-0.017944883555173874,-0.0062257759273052216,0.0,0.0,0.0,0.0,0.0,0.0,0.0,0.0,0.0,0.0,0.0,0.0,0.0,0.0,0.0,0.0,0.0,0.0,0.0,0.0,0.0,0.0,0.0,0.0,0.0,0.0,0.0,0.0,0.0,0.0,0.0,0.0,0.0,0.0,0.0,0.0,0.0,0.0,0.0,0.0,0.0,0.0,0.0,0.0,0.0,0.0,0.0,0.0,0.0,0.0,0.0,0.0
-0.027283547446131706,-0.02691732533276081,-0.025086214765906334,-0.019592883065342903,-0.00714133121073246,0.0,0.0,0.0,0.0,0.0,0.0,0.0,0.0,0.0,0.0,0.0,0.0,0.0,0.0,0.0,0.0,0.0,0.0,0.0,0.0,0.0,0.0,0.0,0.0,0.0,0.0,0.0,0.0,0.0,0.0,0.0,0.0,0.0,0.0,0.0,0.0,0.0,0.0,0.0,0.0,0.0,0.0,0.0,0.0,0.0,0.0,0.0,0.0,0.0,0.0,0.0,0.0,0.0,0.0,0.0
-0.02215643785893917,-0.008972441777586937,0.0,0.0,0.0,0.0,0.0,0.0,0.0,0.0,0.0,0.0,0.0,0.0,0.0,0.0,0.0,0.0,0.0,0.0,0.0,0.0,0.0,0.0,0.0,0.0,0.0,0.0,0.0,0.0,0.0,0.0,0.0,0.0,0.0,0.0,0.0,0.0,0.0,0.0,0.0,0.0,0.0,0.0,0.0,0.0,0.0,0.0,0.0,0.0,0.0,0.0,0.0,0.0,0.0,0.0,0.0,0.0,0.0,0.0
0.0,0.0,0.0,0.0,0.0,0.0,0.0,0.0,0.0,0.0,0.0,0.0,0.0,0.0,0.0,0.0,0.0,0.0,0.0,0.0,0.0,0.0,0.0,0.0,0.0,0.0,0.0,0.0,0.0,0.0,0.0,0.0,0.0,0.0,0.0,0.0,0.0,0.0,0.0,0.0,0.0,0.0,0.0,0.0,0.0,0.0,0.0,0.0,0.0,0.0,0.0,0.0,0.0,0.0,0.0,0.0,0.0,0.0,0.0,0.0
0.0,0.0,0.0,0.0,0.0,0.0,0.0,0.0,0.0,0.0,0.0,0.0,0.0,0.0,0.0,0.0,0.0,0.0,0.0,0.0,0.0,0.0,0.0,0.0,0.0,0.0,0.0,0.0,0.0,0.0,0.0,0.0,0.0,0.0,0.0,0.0,0.0,0.0,0.0,0.0,0.0,0.0,0.0,0.0,0.0,0.0,0.0,0.0,0.0,0.0,0.0,0.0,0.0,0.0,0.0,0.0,0.0,0.0,0.0,0.0
0.0,0.0,0.0,0.0,0.0,0.0,0.0,0.0,0.0,0.0,0.0,0.0,0.0,0.0,0.0,0.0,0.0,0.0,0.0,0.0,0.0,0.0,0.0,0.0,0.0,0.0,0.0,0.0,0.0,0.0,0.0,0.0,0.0,0.0,0.0,0.0,0.0,0.0,0.0,0.0,0.0,0.0,0.0,0.0,0.0,0.0,0.0,0.0,0.0,0.0,0.0,0.0,0.0,0.0,0.0,0.0,0.0,0.0,0.0,0.0
