static/leaflet-velocity/leaflet-velocity/wind-velocity.json
{"header": { "parameterUnit": "m.s", "parameterNumber": 2, "dx": 8.7738037109375e-05, "dy": -0.0004119873046875, "parameterNumberName": "eastward_wind", "la1": 62.765647888183594, "la2": 62.885101318359375, "parameterCategory": 2, "lo2": 7.076683044433594, "nx": 294, "ny": 291, "refTime": "2017-02-01 23:00:00", "lo1": 7.105113983154297 }, "data":
[rows 108 to 134 of 291, columns 120 to 179 of 294]
-0.021973326802253723,-0.03625598922371864,-0.03424176573753357,-0.024170659482479095,-0.03405865654349327,-0.05291909724473953,-0.07525864243507385,-0.0875270813703537,-0.08587908744812012,-0.08331552892923355,-0.08807642012834549,-0.09942930191755295,-0.09411908686161041,-0.10657063126564026,-0.09045685827732086,-0.10162663459777832,-0.1030915230512619,-0.0952177494764328,-0.08404797315597534,-0.056581318378448486,-0.03460799157619476,-0.003479110077023506,0.0,0.0,0.0,0.0012817773967981339,0.0016479995101690292,-0.01666310615837574,-0.04943998530507088,-0.0717795342206955,-0.0871608629822731,-0.0877101942896843,-0.06939908862113953,0.0,0.0,0.0,0.0,0.0,0.0,0.0,0.0,0.0,0.0,0.0,0.0,0.0,0.0,0.0,0.0,0.0,0.0,0.0,0.0,0.0,0.0,0.0,0.0,0.0,0.0,0.0
-0.02453688159584999,-0.03460799157619476,-0.04998932033777237,-0.06628620624542236,-0.07544175535440445,-0.07544175535440445,-0.07434308528900146,-0.08020263910293579,-0.08954130858182907,-0.08441419899463654,-0.09375286102294922,-0.07672353088855743,-0.08954130858182907,-0.09027375280857086,-0.08404797315597534,-0.07690664380788803,-0.05786309391260147,-0.047242652624845505,-0.04687643051147461,0.0,0.0,0.0,0.0,0.0,-0.00238044373691082,-0.05090487375855446,-0.0796533077955246,-0.09173864126205444,-0.08935819566249847,-0.052003540098667145,0.0012817773967981339,0.0,0.0,0.0,0.0,0.0,0.0,0.0,0.0,0.0,0.0,0.0,0.0,0.0,0.0,0.0,0.0,0.0,0.0,0.0,0.0,0.0,0.0,0.0,0.0,0.0,0.0,0.0,0.0,0.0
-0.05731376260519028,-0.0640888661146164,-0.06463820487260818,-0.06427197903394699,-0.07086397707462311,-0.07727286219596863,-0.07434308528900146,-0.079287089407444,-0.0640888661146164,-0.07745597511529922,-0.07672353088855743,-0.0710470899939537,-0.06830042600631714,-0.0554826483130455,-0.04687643051147461,-0.041749320924282074,-0.006591998040676117,0.0,0.0,0.0,0.0,0.0,-0.05182042717933655,-0.09375286102294922,-0.10986663401126862,-0.11426129937171936,-0.03094576857984066,0.0,0.0,0.0,0.0,0.0,0.0,0.0,0.0,0.0,0.0,0.0,0.0,0.0,0.0,0.0,0.0,0.0,0.0,0.0,0.0,0.0,0.0,0.0,0.0,0.0,0.0,0.0,0.0,0.0,-0.0794702023267746,-0.1832941621541977,-0.16113772988319397,-0.07672353088855743
-0.05090487375855446,-0.05694753676652908,-0.062990203499794,-0.06115909293293953,-0.06244087219238281,-0.05145420879125595,-0.06445509195327759,-0.062990203499794,-0.05786309391260147,-0.05639820545911789,-0.04943998530507088,-0.0397351011633873,-0.03497420996427536,0.005493331700563431,0.04614398628473282,-0.005127109587192535,0.0,0.0,0.0,-0.005859553813934326,-0.10638752579689026,-0.13641773164272308,-0.13605152070522308,0.0,0.0,0.0,0.0,0.0,0.0,0.0,0.0,0.0,0.0,0.0,0.0,0.0,0.0,0.0,0.0,0.0,0.0,0.0,0.0,-0.012451551854610443,-0.02526932582259178,-0.036072880029678345,-0.04376354068517685,-0.048890650272369385,-0.05163731798529625,-0.05420087277889252,-0.055848874151706696,-0.06701864302158356,-0.10400708019733429,-0.1818292737007141,-0.17267373204231262,-0.06628620624542236,0.0,0.0,0.0,0.0
-0.043946653604507446,-0.04358043149113655,-0.03735465556383133,-0.049623094499111176,-0.048707541078329086,-0.04431287571787834,-0.04284798726439476,-0.0397351011633873,-0.0316782146692276,-0.027466658502817154,-0.009887997061014175,0.014648884534835815,-0.005493331700563431,-0.006591998040676117,0.0,0.0,0.0,-0.14685507118701935,-0.1594897359609604,-0.15747550129890442,0.0,0.0,0.0,0.0,0.0,0.0,0.0,0.0,0.0,0.0,0.0,0.0,0.0,0.0,0.0,0.0,0.0,0.0010986663401126862,-0.0005493331700563431,-0.0062257759273052216,-0.023255104199051857,-0.03277687728404999,-0.04119998961687088,-0.04614398628473282,-0.04522842913866043,-0.0476088747382164,-0.0554826483130455,-0.06482131779193878,-0.07434308528900146,-0.10126041620969772,-0.13403728604316711,-0.06848353147506714,0.0,0.0,0.0,0.0,0.0,0.0,0.0,0.0
-0.0316782146692276,-0.0320444330573082,-0.02856532484292984,-0.02783288061618805,-0.026001770049333572,-0.021607104688882828,-0.0199591051787138,-0.016846217215061188,-0.010437330231070518,-0.014465773478150368,-0.020325327292084694,-0.006591998040676117,0.0,-0.0199591051787138,-0.14520706236362457,-0.16260261833667755,-0.16187018156051636,0.0,0.0,0.0,0.0,0.0,0.0,0.0,0.0,0.0,0.0,0.0,0.0,0.0,0.0,0.0,-0.0020142216235399246,-0.00238044373691082,-0.001831110566854477,-0.003479110077023506,-0.008972441777586937,-0.021057771518826485,-0.030579546466469765,-0.037537768483161926,-0.03735465556383133,-0.036988433450460434,-0.043214209377765656,-0.05255287140607834,-0.0633564293384552,-0.07086397707462311,-0.07745597511529922,-0.04467909783124924,0.0,0.0,0.0,0.0,0.0,0.0,0.0,0.0,0.0,0.0,0.0,0.0
-0.007690664380788803,-0.0056764427572488785,-0.0038453321903944016,-0.00952177494764328,-0.014465773478150368,-0.01977599412202835,-0.027466658502817154,-0.028199102729558945,-0.012451551854610443,0.02783288061618805,-0.0012817773967981339,-0.09283730387687683,-0.143559068441391,-0.16241951286792755,0.0,0.0,0.0,0.0,0.0,0.0,0.0,0.0,0.0,0.0,0.0,0.0,0.0,0.0,-0.004943998530507088,-0.008239997550845146,-0.006408886983990669,-0.0038453321903944016,-0.004211554303765297,-0.008239997550845146,-0.016113772988319397,-0.023255104199051857,-0.028931546956300735,-0.027466658502817154,-0.03094576857984066,-0.03625598922371864,-0.046510208398103714,-0.05310220643877983,-0.061525315046310425,-0.05621509253978729,0.0,0.0,0.0,0.0,0.0,0.0,0.0,0.0,0.0,0.0,0.0,0.0,0.0,0.0,-0.0005493331700563431,-0.0009155552834272385
0.014099551364779472,-0.0032959990203380585,-0.009704886004328728,-0.016479995101690292,-0.01739555038511753,-0.00878933072090149,0.010620441287755966,0.007324442267417908,-0.040833763778209686,-0.095767080783844,-0.13989683985710144,0.0,0.0,0.0,0.0,0.0,0.0,0.0,0.0,0.0,0.0,0.0,-0.0001831110566854477,0.0,-0.003479110077023506,-0.012451551854610443,-0.013916440308094025,-0.011352885514497757,-0.006958220154047012,-0.0062257759273052216,-0.009704886004328728,-0.01355021819472313,-0.016296884045004845,-0.021607104688882828,-0.024170659482479095,-0.027283547446131706,-0.03350932151079178,-0.04522842913866043,-0.050355538725852966,-0.05713064968585968,-0.05804620683193207,0.0,0.0016479995101690292,0.0,0.0,0.0,0.0,0.0,0.0,0.0,0.0,0.0,0.0,0.0,0.0,-0.0005493331700563431,-0.0005493331700563431,0.0,0.0,0.0
0.0031128879636526108,-0.0003662221133708954,0.002929776906967163,0.01025421917438507,0.010071108117699623,-0.014648884534835815,-0.0552995391190052,-0.08972442150115967,-0.0038453321903944016,0.0,0.0,0.0,0.0,0.0,0.0,0.0,0.0,0.0001831110566854477,0.0005493331700563431,0.0014648884534835815,0.0010986663401126862,-0.004577776417136192,-0.013916440308094025,-0.018860438838601112,-0.017944883555173874,-0.00878933072090149,-0.0056764427572488785,-0.011535996571183205,-0.01428266242146492,-0.013183996081352234,-0.013916440308094025,-0.017761772498488426,-0.021790215745568275,-0.02618488110601902,-0.0399182103574276,-0.046327099204063416,-0.04834131896495819,-0.04101687669754028,0.01116977445781231,0.010986663401126862,0.0016479995101690292,0.0,0.0,0.0,0.0,0.0,0.0,0.0,0.0,0.0,0.0,0.0,0.0,0.0,0.0,0.0,0.0,0.0,0.0,0.0
-0.0016479995101690292,-0.0021973326802253723,-0.01355021819472313,-0.03735465556383133,-0.060792870819568634,-0.013183996081352234,-0.0032959990203380585,0.0,0.0,0.0,0.0,0.0,0.0,0.0,0.0,0.0,0.0005493331700563431,0.0,-0.001831110566854477,-0.01593066193163395,-0.023621326312422752,-0.02691732533276081,-0.008239997550845146,-0.0020142216235399246,-0.017212439328432083,-0.019409772008657455,-0.01501510664820671,-0.008606219664216042,-0.008056886494159698,-0.008606219664216042,-0.006042664870619774,-0.03827021270990372,-0.04229865223169327,-0.04229865223169327,-0.03277687728404999,-0.0014648884534835815,0.005859553813934326,0.0038453321903944016,0.0007324442267417908,0.0,0.0,0.0,0.0,0.0,0.0,0.0,0.0,0.0,0.0,0.0,0.0,0.0,0.0,0.0,0.0,0.0,0.0,0.0,0.0,-0.0020142216235399246
-0.029114658012986183,-0.047242652624845505,-0.03021332435309887,-0.0395519882440567,0.0,0.0,0.0,0.0,0.0,0.0,0.0,0.0,0.0,0.0,0.0,0.0,-0.01428266242146492,-0.02288888208568096,-0.025818658992648125,0.0,0.0,-0.0276497695595026,-0.028015991672873497,-0.00787377543747425,0.0,0.0,0.0,0.0,-0.045594654977321625,-0.04138309881091118,-0.03588976711034775,-0.026551103219389915,-0.006958220154047012,0.0020142216235399246,0.0,-0.008972441777586937,0.0,0.0,0.0,0.0,0.0,0.0,0.0,0.0,0.0,0.0,0.0,0.0,0.0,0.0,0.0,0.0,0.0,0.0,0.0,0.0,0.0,-0.0021973326802253723,0.011352885514497757,-0.02307199314236641
-0.07855464518070221,0.0,-0.0038453321903944016,-0.0016479995101690292,0.0,0.0,0.0,0.0,0.0,0.0,0.0,0.0,0.0,-0.0031128879636526108,-0.02288888208568096,-0.028382213786244392,0.0,-0.006958220154047012,-0.0318613238632679,-0.028199102729558945,0.0,0.0,0.0,0.0,0.0,-0.036988433450460434,-0.03259376809000969,-0.026734214276075363,-0.01831110566854477,-0.0056764427572488785,0.0007324442267417908,-0.006775109097361565,-0.021973326802253723,0.0,0.0,0.0,0.0,0.0,0.0,0.0,0.0,0.0,0.0,0.0,0.0,0.0,0.0,0.0,0.0,0.0,0.0,0.0,0.0,0.0,0.0,0.0,-0.04687643051147461,-0.043214209377765656,-0.038636431097984314,-0.01116977445781231
-0.0031128879636526108,0.0,0.0,0.0,0.0,0.0,0.0,0.0,0.0,0.0,0.0,-0.031311988830566406,-0.027283547446131706,-0.003479110077023506,-0.014099551364779472,-0.02691732533276081,-0.026001770049333572,0.0,0.0,0.0,0.0,0.0,-0.028931546956300735,-0.02288888208568096,-0.0157475508749485,-0.0062257759273052216,0.004577776417136192,0.005310220643877983,-0.016113772988319397,-0.039368875324726105,0.0010986663401126862,0.0,0.0,0.0,0.0,-0.0003662221133708954,0.0,0.0,0.0,0.0,0.0,0.0,0.0,0.0,0.0,0.0,0.0,0.0,0.0,0.0,0.0,0.0,0.0,-0.02929776906967163,-0.04943998530507088,-0.03259376809000969,0.017212439328432083,0.0952177494764328,0.002929776906967163,-0.022705771028995514
0.0,0.0,0.0,0.0,0.0,0.0,-0.007690664380788803,-0.015564439818263054,-0.03881954401731491,-0.02929776906967163,-0.013367107138037682,-0.016113772988319397,-0.02288888208568096,-0.022705771028995514,0.0,0.0,0.0,0.0,-0.004394665360450745,-0.024353770539164543,-0.015381328761577606,-0.005127109587192535,0.008239997550845146,0.021973326802253723,0.01904354989528656,-0.030762657523155212,-0.06683553755283356,0.0,0.0,0.0,-0.001831110566854477,-0.0014648884534835815,-0.0012817773967981339,0.0,0.0,0.0,0.0,0.0,0.0,0.0,0.0,0.0,0.0,0.0,0.0,0.0,0.0,0.0,0.0,0.0,-0.0032959990203380585,-0.08514664322137833,-0.06445509195327759,-0.016479995101690292,0.0,-0.10821863263845444,-0.07214576005935669,-0.06976531445980072,-0.05804620683193207,-0.047059543430805206
0.0,0.0,0.0,-0.013367107138037682,-0.021973326802253723,-0.03405865654349327,-0.029663991183042526,-0.01757866144180298,-0.0157475508749485,-0.01812799461185932,-0.014099551364779472,0.004943998530507088,0.0062257759273052216,0.005127109587192535,0.0007324442267417908,-0.007324442267417908,-0.01757866144180298,-0.00878933072090149,0.002929776906967163,0.02069154940545559,0.04339732229709625,0.04834131896495819,-0.06097598373889923,-0.10547196865081787,-0.00238044373691082,-0.0025635547935962677,-0.004211554303765297,-0.005127109587192535,-0.00238044373691082,-0.0009155552834272385,0.0,0.0,0.0,0.0,0.0,0.0,0.0,0.0,0.0,0.0,0.0,0.0,0.0,0.0,0.0,0.0,0.0,0.0,-0.15692616999149323,-0.048158206045627594,0.0,0.0,-0.0791039764881134,-0.08093509078025818,-0.08331552892923355,-0.0710470899939537,-0.06060975790023804,-0.05420087277889252,-0.04907376319169998,-0.04504531994462013
-0.008423108607530594,-0.015198217704892159,-0.02471999265253544,-0.026001770049333572,-0.01812799461185932,-0.014831995591521263,-0.013183996081352234,-0.00878933072090149,0.0031128879636526108,0.004028443247079849,0.0021973326802253723,-0.0027466658502817154,-0.009704886004328728,-0.01263466291129589,-0.005493331700563431,0.003479110077023506,0.013916440308094025,0.01263466291129589,0.0,-0.13312174379825592,-0.14154484868049622,0.0,0.0,0.0,0.0,0.0,0.0,0.0,0.0,0.0,0.0,0.0,0.0,0.0,0.0,0.0,0.0,0.0,0.0,0.0,0.0,0.0,0.0,0.0,0.0,-0.16461683809757233,0.0,0.0,0.0,-0.06921598315238953,-0.08038575202226639,-0.08313241600990295,-0.07196264714002609,-0.06848353147506714,-0.06482131779193878,-0.06024353951215744,-0.05621509253978729,-0.05218665301799774,-0.047791987657547,-0.043214209377765656
-0.014648884534835815,-0.012085329741239548,-0.008423108607530594,-0.006591998040676117,-0.0031128879636526108,0.001831110566854477,0.0,-0.001831110566854477,-0.0062257759273052216,-0.011352885514497757,-0.009704886004328728,-0.005493331700563431,0.0014648884534835815,0.0032959990203380585,0.0,0.0,-0.1347697377204895,-0.14740440249443054,0.0,0.0,0.0,0.0,0.0,0.0,0.0,0.0,0.0,0.0,0.0,0.0,0.0,0.0,0.0,0.0,0.0,0.0,0.0,0.0,0.0,0.0,0.0,0.0,-0.12945951521396637,0.006775109097361565,0.001831110566854477,-0.004943998530507088,-0.061525315046310425,-0.06683553755283356,-0.07251197844743729,-0.06591998040676117,-0.07013153284788132,-0.06976531445980072,-0.06756798177957535,-0.06500442326068878,-0.06134220212697983,-0.05694753676652908,-0.05218665301799774,-0.046510208398103714,-0.0397351011633873,-0.03277687728404999
0.0010986663401126862,0.0003662221133708954,0.0,-0.0031128879636526108,-0.005310220643877983,-0.009155552834272385,-0.01116977445781231,-0.006408886983990669,-0.0032959990203380585,0.0,0.0,0.0,0.0,-0.13751640915870667,-0.14612261950969696,0.0,0.0,0.0,0.0,0.0,0.0,0.0,0.0,0.0,0.0,0.0,0.0,0.0,0.0,0.0,0.0,0.0,0.0,0.0,0.0,0.0,0.0,0.0,-0.022705771028995514,-0.10748618841171265,-0.026551103219389915,-0.009338663890957832,-0.008423108607530594,-0.040833763778209686,-0.049623094499111176,-0.058412425220012665,-0.05859553813934326,-0.06665242463350296,-0.07068087160587311,-0.0712302029132843,-0.07068087160587311,-0.06848353147506714,-0.06445509195327759,-0.05951109528541565,-0.05401775985956192,-0.047791987657547,-0.040101319551467896,-0.0318613238632679,-0.024353770539164543,-0.015381328761577606
-0.003662221133708954,-0.005127109587192535,-0.0062257759273052216,-0.003479110077023506,0.0,0.0,0.0,0.0,0.0,0.0,-0.13971373438835144,-0.14502395689487457,0.0,0.0,0.0,0.0,0.0,0.0,0.0,0.0,0.0,0.0,0.0,0.0,0.0,0.0,0.0,0.0,0.0,0.0,0.0,-0.004943998530507088,-0.009338663890957832,-0.013733329251408577,-0.021973326802253723,-0.05145420879125595,-0.08532975614070892,-0.04101687669754028,-0.01812799461185932,-0.00787377543747425,-0.02526932582259178,-0.036072880029678345,-0.04687643051147461,-0.05328531563282013,-0.06244087219238281,-0.06939908862113953,-0.07287819683551788,-0.07452619820833206,-0.07415997982025146,-0.0714133083820343,-0.06665242463350296,-0.06097598373889923,-0.05475020408630371,-0.04669331759214401,-0.037720877677202225,-0.028748435899615288,-0.017761772498488426,-0.0038453321903944016,0.003479110077023506,0.0001831110566854477
0.0,0.0,0.0,0.0,0.0,0.0,0.0,-0.14154484868049622,-0.14429152011871338,0.0,0.0,0.0,0.0,0.0,0.0,0.0,0.0,0.0,0.0,0.0,0.0,0.0,0.0,0.0,0.0,0.0,0.0,-0.006958220154047012,-0.013733329251408577,-0.01739555038511753,-0.024170659482479095,-0.03662221133708954,-0.05969420447945595,-0.07672353088855743,-0.046510208398103714,-0.021790215745568275,-0.006591998040676117,-0.014831995591521263,-0.026367992162704468,-0.03827021270990372,-0.0476088747382164,-0.05932798236608505,-0.06811731308698654,-0.07397686690092087,-0.07782220095396042,-0.079287089407444,-0.07782220095396042,-0.07415997982025146,-0.06884975731372833,-0.06244087219238281,-0.05365154147148132,-0.04376354068517685,-0.03332621231675148,-0.020874660462141037,-0.007507553324103355,-0.0032959990203380585,-0.008239997550845146,-0.018677327781915665,-0.02691732533276081,-0.029847102239727974
0.0,0.0,0.0,0.0,-0.14392529428005219,-0.14392529428005219,0.0,0.0,0.0,0.0,0.0,0.0,0.0,0.0,0.0,0.0,0.0,0.0,0.0,0.0,0.0,0.0,-0.005310220643877983,-0.010620441287755966,-0.018860438838601112,-0.020874660462141037,-0.025635547935962677,-0.03424176573753357,-0.045594654977321625,-0.061525315046310425,-0.06756798177957535,-0.04412976652383804,-0.021240882575511932,-0.006958220154047012,-0.009887997061014175,-0.021057771518826485,-0.03350932151079178,-0.04504531994462013,-0.058229316025972366,-0.06811731308698654,-0.07599108666181564,-0.08185064047574997,-0.08496353030204773,-0.08478041738271713,-0.08185064047574997,-0.07745597511529922,-0.07086397707462311,-0.06170842796564102,-0.05108798295259476,-0.0395519882440567,-0.025635547935962677,-0.013916440308094025,-0.012085329741239548,-0.018494216725230217,-0.02691732533276081,-0.02856532484292984,-0.02856532484292984,-0.023438215255737305,-0.013183996081352234,0.0
0.0,-0.13129062950611115,-0.11499374359846115,-0.003662221133708954,0.0,0.0,0.0,0.0,0.0,0.0,0.0,0.01025421917438507,0.017761772498488426,0.02215643785893917,0.023621326312422752,0.023621326312422752,0.02069154940545559,0.0157475508749485,0.008239997550845146,-0.005127109587192535,-0.01355021819472313,-0.020874660462141037,-0.026001770049333572,-0.03259376809000969,-0.04211554303765297,-0.05236976221203804,-0.06170842796564102,-0.05932798236608505,-0.0395519882440567,-0.021057771518826485,-0.00952177494764328,-0.010620441287755966,-0.02142399363219738,-0.03424176573753357,-0.047242652624845505,-0.06060975790023804,-0.07086397707462311,-0.08020263910293579,-0.08789330720901489,-0.09210485965013504,-0.09283730387687683,-0.09063997119665146,-0.0869777500629425,-0.08056886494159698,-0.0710470899939537,-0.059877313673496246,-0.04669331759214401,-0.0316782146692276,-0.02307199314236641,-0.021607104688882828,-0.02471999265253544,-0.0276497695595026,-0.02948088012635708,-0.029847102239727974,-0.02142399363219738,-0.010071108117699623,0.0,0.0,0.0,0.0
-0.026551103219389915,0.0,0.0,0.0,0.0,0.0,0.01025421917438507,0.018860438838601112,0.031128879636526108,0.0320444330573082,0.031128879636526108,0.028015991672873497,0.024170659482479095,0.017761772498488426,0.00952177494764328,-0.0005493331700563431,-0.012085329741239548,-0.020142216235399246,-0.026551103219389915,-0.03259376809000969,-0.0397351011633873,-0.048890650272369385,-0.05713064968585968,-0.06060975790023804,-0.053468428552150726,-0.03735465556383133,-0.023987548425793648,-0.017029328271746635,-0.019226660951972008,-0.028199102729558945,-0.04028443247079849,-0.05365154147148132,-0.06665242463350296,-0.07727286219596863,-0.0875270813703537,-0.09595019370317459,-0.10052797198295593,-0.10126041620969772,-0.09997864067554474,-0.09631641209125519,-0.08990752696990967,-0.08056886494159698,-0.06830042600631714,-0.05365154147148132,-0.04028443247079849,-0.032959990203380585,-0.031311988830566406,-0.03387554734945297,-0.03790398687124252,-0.035340435802936554,-0.026551103219389915,-0.011352885514497757,0.0,0.0,0.0,0.0,0.0,0.0,0.0,0.0
0.0,0.007690664380788803,0.01355021819472313,0.025635547935962677,0.028931546956300735,0.03387554734945297,0.035340435802936554,0.03479110077023506,0.0316782146692276,0.026551103219389915,0.018677327781915665,0.007507553324103355,-0.006042664870619774,-0.01904354989528656,-0.02783288061618805,-0.03387554734945297,-0.0397351011633873,-0.04669331759214401,-0.05456709489226341,-0.06042664870619774,-0.05932798236608505,-0.05072176456451416,-0.039368875324726105,-0.0320444330573082,-0.03003021329641342,-0.03350932151079178,-0.04119998961687088,-0.05182042717933655,-0.0639057606458664,-0.07544175535440445,-0.08624530583620071,-0.09686575084924698,-0.10565508157014847,-0.10931730270385742,-0.10968352109193802,-0.10876797139644623,-0.10528885573148727,-0.09851375222206116,-0.08807642012834549,-0.07434308528900146,-0.059877313673496246,-0.04980620741844177,-0.04376354068517685,-0.04284798726439476,-0.044862210750579834,-0.043946653604507446,-0.03643909841775894,-0.02545243687927723,-0.00952177494764328,0.0,0.0,0.0,0.0,0.0,0.0,0.0,0.0,0.0,0.0,0.0
0.02453688159584999,0.02856532484292984,0.031311988830566406,0.0318613238632679,0.031311988830566406,0.02856532484292984,0.02288888208568096,0.01428266242146492,0.0025635547935962677,-0.0119022186845541,-0.026001770049333572,-0.03588976711034775,-0.042481765151023865,-0.047975096851587296,-0.05383465066552162,-0.059877313673496246,-0.0633564293384552,-0.06006042659282684,-0.052735984325408936,-0.04687643051147461,-0.04504531994462013,-0.04614398628473282,-0.050355538725852966,-0.05694753676652908,-0.06573686748743057,-0.07544175535440445,-0.08551286160945892,-0.09613330662250519,-0.10693685710430145,-0.11499374359846115,-0.11719107627868652,-0.11737418919801712,-0.11627551913261414,-0.11206396669149399,-0.10400708019733429,-0.09173864126205444,-0.079287089407444,-0.06848353147506714,-0.059877313673496246,-0.05456709489226341,-0.052735984325408936,-0.05053865164518356,-0.04376354068517685,-0.032227545976638794,-0.013733329251408577,0.0,0.0,0.0,0.0,0.0,0.0,0.0,0.0,0.0,0.0,0.0,0.0,0.0,0.0,0.0
0.030762657523155212,0.03003021329641342,0.02691732533276081,0.020142216235399246,0.010803552344441414,-0.0009155552834272385,-0.01593066193163395,-0.032227545976638794,-0.04431287571787834,-0.05163731798529625,-0.05639820545911789,-0.060792870819568634,-0.06500442326068878,-0.06665242463350296,-0.0633564293384552,-0.05896176025271416,-0.058229316025972366,-0.06024353951215744,-0.0631733164191246,-0.06775109469890594,-0.07342753559350967,-0.08020263910293579,-0.08807642012834549,-0.09704886376857758,-0.10730308294296265,-0.11755730211734772,-0.12396618723869324,-0.12433240562677383,-0.12359996140003204,-0.12085329741239548,-0.11462752521038055,-0.10565508157014847,-0.0948515236377716,-0.08569597452878952,-0.07635731250047684,-0.06756798177957535,-0.06262397766113281,-0.05932798236608505,-0.05365154147148132,-0.04284798726439476,-0.028382213786244392,-0.010620441287755966,0.0,0.0,0.0,0.0,0.0,0.0,0.0,0.0,0.0,0.0,0.0,0.0,0.0,0.0,0.0,0.0,0.0,0.0
0.01757866144180298,0.00787377543747425,-0.004577776417136192,-0.019592883065342903,-0.03717154264450073,-0.05218665301799774,-0.06042664870619774,-0.06463820487260818,-0.06775109469890594,-0.07031464576721191,-0.0710470899939537,-0.06884975731372833,-0.06738486886024475,-0.07031464576721191,-0.07489242404699326,-0.0791039764881134,-0.08368175476789474,-0.08862575143575668,-0.09375286102294922,-0.10016174614429474,-0.10803551971912384,-0.11719107627868652,-0.125980406999588,-0.12982574105262756,-0.1278115212917328,-0.125797301530838,-0.12103641033172607,-0.11499374359846115,-0.10730308294296265,-0.09851375222206116,-0.08899196982383728,-0.0794702023267746,-0.07342753559350967,-0.06994841992855072,-0.06280709058046341,-0.05053865164518356,-0.03424176573753357,-0.012085329741239548,0.0,0.0,0.0,0.0,0.0,0.0,0.0,0.0,0.0,0.0,0.0,0.0,0.0,0.0,0.0,0.0,0.0,0.0,0.0,0.0,0.0,0.0
